4 145 6 2 6 145 1 8 3 169 7 3 3 129 14 1 5 317 20 2 4 220 18 8 3 121 15 1 , 165652.64824999977
4 308 11 1 2 135 1 8 3 165 16 8 4 249 3 1 6 102 2 7 1 56 17 1 5 120 11 6 , 209101.9194999991
5 248 5 8 6 294 4 1 6 39 10 4 1 149 10 4 3 126 18 5 2 144 4 5 3 125 16 3 , 133174.61325000058
5 168 18 8 4 55 18 3 2 183 6 1 2 166 19 4 3 48 12 5 4 315 13 3 5 269 19 6 , 213333.39824999982
2 39 7 5 2 296 1 6 2 94 13 1 6 17 2 4 1 261 14 2 5 120 17 3 5 282 8 4 , 131838.4545
3 286 5 5 2 107 18 6 3 50 18 2 5 226 14 1 5 75 11 3 5 253 10 7 2 114 1 1 , 169965.73625000106
3 165 10 7 6 71 18 5 4 295 1 8 4 191 7 7 1 288 16 6 5 49 13 1 2 91 2 7 , 154333.7549999999
5 115 19 7 1 95 13 6 2 273 7 3 4 173 13 1 6 71 8 5 2 155 3 4 3 251 4 4 , 145084.00049999997
6 16 8 2 6 64 20 3 5 19 2 7 2 251 2 8 5 88 18 5 1 239 12 5 5 236 2 8 , 138963.84349999944
3 244 10 1 5 283 18 3 4 44 2 4 1 60 8 4 2 201 8 1 3 67 5 7 6 205 5 4 , 154861.4352500001
5 250 4 7 3 268 5 4 2 258 1 2 2 29 19 7 2 131 8 1 3 85 3 7 4 140 7 8 , 113255.3704999999
5 113 8 5 6 305 12 5 6 109 20 5 2 149 7 8 6 51 2 6 6 199 9 2 5 214 8 3 , 139970.15124999915
4 199 4 6 4 156 17 5 4 237 2 5 2 189 13 8 2 110 19 3 4 25 12 3 6 195 7 4 , 185553.35049999965
4 55 2 8 4 147 2 1 6 189 3 8 6 94 18 5 5 91 7 3 3 21 2 2 5 102 7 8 , 107925.15525000029
3 172 10 6 6 88 20 5 4 306 20 2 2 294 13 7 1 222 14 7 2 77 17 7 5 263 16 7 , 240060.90975000066
1 61 12 8 4 201 8 2 2 314 6 7 3 50 3 8 4 168 17 5 6 315 20 3 2 162 18 2 , 196119.32600000006
4 261 12 7 5 210 8 7 5 117 2 2 3 55 7 7 3 55 14 7 6 182 18 5 5 141 20 2 , 203754.4639999991
6 161 4 4 2 126 10 5 1 223 10 1 6 312 19 1 3 95 19 5 4 221 20 3 3 201 3 4 , 215141.3762499999
3 58 4 6 1 70 14 6 2 46 13 2 6 38 17 4 3 94 10 7 4 308 4 4 6 248 13 6 , 215404.70249999934
3 298 3 1 2 48 7 1 6 76 15 5 6 281 15 2 3 33 19 1 5 140 16 8 6 91 3 8 , 235370.13999999943
3 44 14 7 3 296 19 8 3 176 6 2 2 16 6 2 4 310 13 5 1 93 14 5 4 182 7 6 , 191663.45424999975
1 105 1 8 5 302 20 4 4 250 20 3 1 302 1 1 1 182 14 3 6 175 18 1 2 46 9 1 , 200081.4542500006
2 226 17 6 6 144 14 3 6 89 5 2 6 103 2 1 2 124 5 1 2 293 17 3 1 56 4 4 , 206388.4622500001
5 71 18 1 2 59 11 2 6 39 17 6 6 220 11 4 4 79 14 4 1 205 15 8 1 94 8 3 , 246317.08600000048
6 28 4 8 6 48 2 4 1 276 13 5 1 128 12 1 5 89 19 7 3 27 15 8 5 99 20 8 , 226692.92574999935
5 121 1 3 5 312 9 2 4 121 9 1 6 135 1 3 3 308 6 5 2 208 15 7 1 72 4 3 , 111585.10899999994
1 60 15 5 4 222 20 4 4 146 8 4 1 225 1 3 3 46 13 7 6 111 19 8 2 181 14 8 , 214684.79574999958
4 52 18 1 3 81 10 2 5 218 7 7 3 157 19 5 3 143 2 8 5 189 6 4 1 125 6 8 , 172839.54474999997
1 204 13 7 5 281 2 2 2 161 14 4 2 320 9 5 4 207 11 2 4 189 4 5 4 167 8 6 , 154522.90199999997
1 33 6 4 4 16 4 3 3 310 19 4 4 285 14 3 4 134 13 1 3 90 2 4 3 169 8 4 , 177760.47225000037
6 229 3 3 5 27 17 4 3 18 16 7 5 234 19 1 5 147 8 8 2 196 2 6 6 16 2 3 , 202768.08474999963
5 111 15 8 6 138 8 1 3 160 1 6 4 282 11 2 6 78 18 8 6 181 10 6 6 204 2 2 , 170276.07900000035
3 259 15 4 5 149 18 1 1 162 3 5 3 235 17 7 3 273 14 7 1 288 17 4 3 166 17 7 , 240299.77099999998
5 44 17 2 1 84 9 5 5 310 4 5 2 162 9 2 1 294 12 1 3 64 16 2 3 202 4 3 , 191435.34425000005
1 191 2 2 6 147 10 4 1 26 6 1 6 265 16 5 2 317 2 6 5 175 5 5 1 173 4 2 , 112254.45375000036
4 280 3 3 4 72 15 3 6 137 9 1 5 63 4 2 6 32 1 7 6 228 20 8 1 207 6 5 , 161114.50050000026
3 132 7 7 3 267 19 5 2 155 11 1 4 37 18 4 5 286 20 5 4 165 6 2 4 195 8 3 , 247156.15849999944
5 98 16 5 6 312 16 6 6 271 18 7 1 300 8 4 3 111 14 2 6 313 9 5 5 145 4 4 , 234320.63049999982
5 163 2 4 1 47 15 3 4 65 16 1 6 184 9 3 6 221 4 4 3 171 20 8 3 157 9 5 , 220864.43625000076
6 161 20 1 5 257 17 8 5 237 1 3 3 184 5 8 2 246 6 4 1 293 12 8 1 41 10 2 , 233949.2517499992
5 274 1 3 3 152 3 7 3 268 4 3 1 174 13 6 5 90 19 4 5 26 5 5 2 140 9 1 , 159210.31399999966
4 46 10 5 5 194 20 2 6 211 2 3 5 247 4 3 2 242 17 6 5 45 8 1 3 221 1 6 , 154388.10775
4 268 14 8 6 72 5 5 2 268 4 8 2 111 6 7 2 238 8 2 5 26 7 8 2 108 6 4 , 163207.79000000042
3 299 4 6 1 123 3 4 1 114 11 7 4 95 2 5 3 274 16 6 2 234 11 4 1 319 9 2 , 154144.13150000016
2 21 16 7 6 240 9 4 4 201 16 1 1 220 18 7 2 115 19 4 2 40 9 5 3 86 8 6 , 267450.46775000135
5 80 8 7 4 222 16 5 6 151 6 6 5 68 9 1 5 179 4 6 5 214 9 7 2 150 17 1 , 171902.4454999997
3 194 9 8 2 19 17 3 5 102 19 7 5 132 16 4 4 150 18 5 4 16 9 4 2 174 20 1 , 309854.2945000001
6 68 8 8 6 88 20 3 3 122 3 1 1 148 20 6 4 48 17 4 4 88 18 2 3 93 19 1 , 275957.1337500003
4 101 1 8 4 34 9 7 4 214 11 6 5 242 15 1 1 127 16 4 6 271 20 7 4 252 13 6 , 246681.91350000177
5 17 13 5 2 104 15 2 6 67 8 4 3 167 7 5 2 137 17 4 4 34 14 8 6 231 10 3 , 231739.4444999997
5 199 4 2 5 33 10 4 5 284 2 5 5 289 9 8 2 223 1 7 5 96 20 6 5 172 8 5 , 157354.1897499999
4 34 17 3 1 41 13 1 5 217 1 6 3 72 15 4 6 56 12 5 6 319 15 7 4 130 1 4 , 236464.91024999952
4 169 20 6 5 193 8 2 5 167 4 3 3 241 6 7 1 235 19 8 1 155 7 3 5 296 19 3 , 284963.0952499992
3 43 3 1 1 59 7 4 6 318 11 2 3 285 4 5 2 20 6 3 3 124 1 1 3 314 2 3 , 105808.35125000018
4 196 19 5 4 22 5 6 5 214 19 7 2 55 15 4 2 46 9 2 5 71 5 2 6 120 10 6 , 251793.8400000007
2 257 6 4 5 258 11 4 5 24 17 6 5 135 3 5 1 305 9 6 4 268 20 6 2 187 5 2 , 222276.75225000008
1 142 7 4 2 142 11 3 2 64 9 7 3 113 8 7 5 189 17 6 6 103 9 3 2 94 5 4 , 194891.90699999942
3 309 15 5 3 279 12 5 4 305 7 8 2 156 1 1 3 214 16 4 6 173 14 2 4 70 10 7 , 209309.36799999909
4 320 14 6 4 293 12 6 3 122 2 7 1 123 2 7 3 110 19 1 6 196 12 5 2 108 4 8 , 184649.46550000057
4 168 12 3 3 84 1 6 4 34 8 2 5 212 17 8 5 237 19 2 3 207 5 5 3 57 4 8 , 177914.96725000028
2 238 10 8 2 211 15 8 6 211 6 4 5 178 6 7 4 233 17 6 5 90 15 6 4 247 4 4 , 207805.9677499996
5 85 3 3 5 220 13 1 4 172 17 1 2 230 6 3 6 118 3 3 4 306 7 3 6 180 15 8 , 185701.6909999986
3 107 3 6 6 50 14 7 6 178 7 6 2 271 4 3 5 308 15 6 6 313 4 3 5 80 18 8 , 184216.52750000075
6 268 6 6 2 162 16 3 6 35 1 8 5 72 17 1 2 252 20 1 3 181 2 1 2 286 2 7 , 180465.4895000008
1 150 15 2 6 265 9 7 2 118 7 4 4 127 16 8 4 212 7 7 1 274 2 6 1 90 9 6 , 198807.3414999997
2 308 14 1 5 303 2 4 5 316 19 5 3 136 13 6 2 99 15 1 4 196 7 7 2 139 19 3 , 309146.5374999992
4 236 1 3 6 197 1 4 3 221 20 1 6 230 9 6 5 102 2 6 5 289 9 5 3 268 3 3 , 131405.0587499998
5 312 10 3 3 228 5 1 1 276 12 2 4 26 5 1 4 88 11 2 6 201 13 1 2 93 2 8 , 188747.9170000002
2 236 5 8 4 155 9 4 1 103 16 1 1 247 15 6 2 16 20 2 6 176 16 1 6 170 7 6 , 256356.67300000048
5 304 2 7 1 97 10 8 5 296 3 3 4 184 4 5 1 23 18 2 1 105 16 7 1 251 14 5 , 202401.8335000002
3 138 4 6 5 248 20 1 3 157 2 5 4 131 14 4 1 178 13 3 1 276 2 1 3 271 16 6 , 250368.3442500006
2 163 13 1 3 248 5 5 1 148 19 2 5 282 11 7 2 64 1 4 4 208 17 8 1 117 19 2 , 154057.67924999978
2 234 19 6 2 250 4 5 2 83 16 3 3 269 10 1 4 190 5 4 1 312 19 6 3 145 3 3 , 132557.4952500003
2 310 1 4 1 271 19 6 1 300 11 1 4 270 5 6 1 273 9 6 1 93 8 4 3 277 12 2 , 113719.61300000019
4 49 19 1 1 61 9 7 2 99 17 4 2 48 10 6 4 218 13 4 3 193 7 4 5 259 9 7 , 149656.26199999926
5 103 8 4 3 198 11 8 4 87 11 8 5 101 3 3 3 117 6 3 3 230 19 3 1 162 8 7 , 114671.5690000001
4 290 4 7 5 137 16 2 4 176 1 1 3 74 4 2 3 36 18 8 2 319 4 2 3 290 19 2 , 119136.15449999976
4 284 13 5 6 208 18 7 5 114 2 7 4 76 20 6 4 253 16 7 3 177 11 8 2 139 9 6 , 155535.13424999928
1 210 14 4 2 292 4 8 2 286 20 5 3 257 4 1 1 53 16 7 3 237 4 7 2 204 15 5 , 138676.71725000002
3 232 4 2 5 103 6 5 3 184 9 5 6 133 5 5 1 274 1 5 4 118 14 6 3 31 10 3 , 88562.60025000015
3 195 12 2 4 189 17 3 3 240 13 6 2 143 14 8 2 211 17 3 3 187 6 5 6 254 4 4 , 151558.18774999995
6 160 7 5 1 190 2 4 5 137 18 8 3 184 8 3 1 106 9 8 6 200 6 4 2 106 14 7 , 119913.98199999971
4 116 7 7 2 242 7 2 1 236 13 7 4 99 7 3 4 210 14 3 5 223 8 7 3 138 8 3 , 118115.14400000023
3 42 6 5 5 203 9 5 5 81 10 2 2 302 4 7 6 264 4 8 1 142 5 4 1 106 20 6 , 110942.18649999987
5 115 2 4 6 73 10 1 1 263 5 4 6 72 14 6 5 193 17 3 2 163 13 4 2 100 5 4 , 120687.61274999994
5 72 6 5 2 207 8 8 5 78 6 4 3 203 3 4 3 194 19 7 2 170 11 6 4 224 4 8 , 110765.5777499998
3 55 20 5 2 125 17 8 2 251 14 7 4 179 1 5 2 227 5 6 5 30 4 1 5 263 14 1 , 146721.57124999986
3 172 1 7 4 267 11 3 3 291 16 1 2 172 8 5 1 232 17 2 4 26 12 7 2 91 20 5 , 161126.13374999975
3 129 17 5 1 200 5 2 1 82 14 5 1 89 1 6 6 82 10 8 2 64 4 8 5 123 20 8 , 135895.97700000004
3 143 2 1 1 95 11 6 1 142 13 1 3 91 8 2 5 107 8 2 2 52 15 5 1 285 9 8 , 133696.13499999986
5 22 3 1 4 124 20 5 5 184 20 6 3 243 16 8 5 112 12 6 5 169 3 3 5 290 10 4 , 163783.82250000015
3 180 11 1 5 158 4 8 6 255 7 8 1 134 8 2 6 143 4 4 2 298 8 3 2 60 6 7 , 104477.78624999987
5 105 13 4 1 136 16 1 1 267 15 5 2 204 5 8 5 126 8 1 4 138 7 3 1 23 10 8 , 146300.13624999954
1 82 18 6 3 169 16 5 6 156 4 6 6 70 9 2 5 261 10 1 4 69 2 6 6 69 1 8 , 119876.00699999985
1 312 20 2 3 158 15 3 4 218 14 2 1 296 9 5 5 262 13 6 4 154 19 7 1 300 3 3 , 181120.77200000017
2 66 11 3 5 149 14 5 2 41 17 4 6 266 9 4 3 153 4 8 1 160 11 2 5 237 2 3 , 132481.81949999987
1 280 20 4 4 23 20 3 5 47 6 8 3 315 3 8 5 231 19 5 6 75 5 8 1 190 8 8 , 157874.83425000036
4 219 20 4 5 56 9 1 6 23 1 4 3 119 18 4 1 243 16 7 6 197 16 5 4 30 15 5 , 194462.94625000094
1 70 9 4 6 191 15 3 3 274 5 3 1 44 2 1 6 311 3 1 6 58 2 5 4 41 2 4 , 88834.8447499999
1 252 19 2 3 40 20 1 4 210 3 6 3 38 8 8 1 17 12 3 3 233 18 1 5 257 2 6 , 171407.49500000075
5 117 5 3 2 307 15 3 5 245 18 7 4 35 14 2 5 114 2 7 5 101 5 4 5 88 1 8 , 131261.14024999953
3 66 3 3 1 198 6 5 5 111 12 6 6 167 12 1 5 267 9 1 5 157 6 6 6 99 15 2 , 137078.61900000038
5 54 1 7 4 319 11 1 1 54 1 4 2 210 17 3 6 307 9 6 1 93 8 5 3 134 20 4 , 139843.94074999992
2 174 6 4 2 118 1 2 1 318 12 8 3 178 4 4 4 149 7 1 2 208 8 6 3 136 15 7 , 115492.76099999995
1 141 14 5 4 145 15 1 6 101 2 6 6 147 14 3 6 108 19 7 6 204 5 1 2 319 12 3 , 168250.86325000046
2 275 11 2 4 53 14 1 1 318 5 4 1 145 1 4 6 279 8 3 2 84 15 8 2 174 15 4 , 145042.143
5 80 4 5 1 288 8 6 5 32 10 7 3 225 15 6 5 23 18 3 6 57 9 8 3 77 5 6 , 145047.01250000036
1 29 3 1 4 47 7 1 5 320 2 6 3 125 18 2 1 58 11 6 1 233 3 1 2 84 20 2 , 144113.40550000026
5 288 19 5 5 175 5 8 2 220 2 6 5 150 11 2 2 122 6 7 6 268 18 1 4 298 6 7 , 147466.23349999986
5 263 7 2 3 103 8 1 6 285 7 4 2 251 14 4 2 156 14 4 5 164 7 1 5 308 17 7 , 160998.6339999999
4 58 19 1 3 242 6 1 6 59 4 4 1 137 2 3 5 30 3 5 2 312 9 3 4 35 6 3 , 118488.99324999982
5 69 3 3 3 44 12 1 4 292 14 1 3 46 13 8 1 269 14 6 5 173 2 1 4 303 4 1 , 131139.05300000036
1 187 3 8 5 135 5 8 5 75 17 5 6 256 5 1 5 56 7 4 3 225 4 6 5 72 19 7 , 129107.96375000016
5 161 10 4 1 306 13 6 6 243 4 8 6 169 18 3 5 188 6 5 2 128 9 6 3 94 17 6 , 163631.32225000032
1 47 9 4 3 297 3 8 1 312 19 7 5 259 15 8 5 47 1 7 2 156 6 8 3 262 3 4 , 134630.9319999999
1 129 1 6 1 198 16 3 5 60 13 3 1 35 14 2 3 144 12 1 1 75 15 5 5 201 1 2 , 167463.17850000045
5 129 16 6 3 66 9 8 1 120 3 1 6 169 5 8 3 46 2 5 4 40 16 1 1 212 2 6 , 114016.68149999966
4 310 2 6 6 247 12 3 2 77 2 6 2 157 17 5 4 184 16 2 5 231 15 6 1 317 3 7 , 147762.16624999978
4 94 9 5 3 27 12 2 6 219 7 4 4 77 2 1 5 242 6 7 5 19 10 1 3 90 11 2 , 136584.5352500005
5 286 13 2 3 284 16 7 4 67 5 4 6 20 7 4 6 153 2 7 1 315 5 8 2 44 5 4 , 127350.73475000032
3 182 9 2 1 40 9 4 1 166 19 2 4 241 19 4 1 299 8 5 1 309 11 1 4 146 1 1 , 181305.01574999958
3 97 7 1 4 160 10 4 2 107 11 1 6 91 6 1 2 87 7 4 1 196 7 7 1 57 14 7 , 152581.6834999998
5 230 19 4 2 64 1 7 4 235 17 3 6 194 3 4 5 35 4 4 2 230 6 1 3 54 6 4 , 119905.06125000026
6 80 19 5 3 63 11 8 3 171 8 1 4 153 17 4 6 98 8 7 3 218 14 6 1 54 15 5 , 214548.5240000007
1 108 2 4 4 239 20 7 4 53 17 8 1 56 4 8 4 292 15 1 4 131 16 3 2 181 16 6 , 190042.42299999998
5 182 8 8 5 124 9 2 6 257 8 2 6 206 1 5 5 198 8 1 6 22 15 3 5 57 2 4 , 125297.40300000006
4 256 11 7 4 104 3 6 3 186 18 6 4 67 20 2 4 278 4 8 6 74 15 3 3 137 14 7 , 192810.60325000033
3 146 19 2 4 122 15 3 5 239 13 6 6 51 2 8 4 253 14 4 4 110 16 7 4 123 8 7 , 206195.49099999943
4 272 3 4 2 192 18 4 5 313 4 7 4 201 5 4 6 317 9 6 6 226 10 3 6 16 5 8 , 130002.01250000004
3 182 8 4 3 135 7 2 2 23 13 5 5 125 18 6 3 90 6 4 1 199 2 5 4 256 4 6 , 148354.31874999963
6 213 4 5 3 93 2 2 1 57 15 7 4 124 19 7 3 32 7 6 5 71 9 2 3 119 20 3 , 182853.78549999947
5 320 11 7 3 74 13 6 4 230 9 7 5 147 7 3 4 180 3 6 3 166 19 4 4 29 11 1 , 177634.90525000007
3 180 3 5 2 166 13 2 5 308 6 3 1 44 9 4 1 250 10 2 2 146 15 5 1 24 18 1 , 180739.53825000022
6 131 13 8 1 43 16 8 1 44 11 2 5 128 5 4 6 176 13 8 4 238 19 3 2 149 20 5 , 250445.93649999925
2 56 19 8 2 288 17 6 4 232 6 1 4 137 2 3 5 271 6 7 2 95 10 6 5 175 18 3 , 184140.14049999972
3 155 9 1 1 76 11 4 2 79 5 7 2 53 12 1 3 316 17 7 5 59 20 7 6 161 10 2 , 235281.50824999996
1 260 10 6 1 117 17 7 3 232 2 2 5 250 8 8 5 202 5 7 3 186 16 6 4 21 18 1 , 198622.915
3 39 12 8 1 135 5 3 4 199 13 3 6 200 13 1 6 267 10 3 4 53 2 6 4 100 2 6 , 157984.87149999943
6 28 13 6 2 203 13 8 6 31 20 4 1 270 15 7 1 39 15 2 1 232 6 1 4 253 5 7 , 223071.89975000056
1 128 2 7 6 171 20 1 2 262 4 1 6 31 8 2 5 58 15 8 4 239 16 2 6 170 19 8 , 220318.9635000003
3 146 9 1 6 140 18 6 6 286 8 8 5 207 4 3 6 219 20 3 2 263 4 4 2 65 6 6 , 194047.76375000016
5 44 8 2 2 166 3 2 5 220 15 3 1 235 18 6 3 127 9 2 6 256 4 8 6 109 5 6 , 172349.79150000005
4 98 17 4 6 228 4 5 6 120 17 1 6 162 13 5 6 19 7 6 6 97 6 4 4 163 3 8 , 181047.34200000044
3 117 15 8 4 222 8 7 1 301 19 1 1 126 3 2 2 267 19 6 5 305 18 2 4 120 17 1 , 249562.92575000194
5 45 8 6 4 299 8 7 1 79 11 3 6 230 3 3 1 61 19 6 3 270 13 1 4 180 7 6 , 169460.68475000007
1 308 8 7 2 250 1 6 1 151 18 8 2 26 9 6 6 308 1 3 3 192 9 7 5 77 13 3 , 167435.64374999993
2 128 12 7 2 19 18 6 1 116 6 5 1 95 5 4 6 275 20 7 1 180 17 1 5 271 19 7 , 254098.4734999999
4 292 5 6 2 180 10 4 1 196 3 8 2 239 15 4 2 31 17 5 1 133 14 6 5 229 8 8 , 187148.0750000002
3 293 9 5 3 233 9 1 5 235 4 7 4 234 13 4 1 129 18 4 5 253 11 5 6 305 10 5 , 206596.3377500003
6 215 15 1 6 247 3 6 3 248 3 2 2 51 15 4 1 169 4 4 2 114 20 1 4 269 19 6 , 274529.5212500006
1 73 4 6 5 58 16 8 2 170 1 3 1 119 8 4 6 52 4 8 2 228 6 2 5 160 11 7 , 146446.19625000044
1 92 15 6 5 295 3 1 5 200 16 6 3 253 1 6 6 23 4 5 2 166 18 5 5 195 14 4 , 187123.4165000002
1 295 5 3 3 307 9 8 5 300 19 2 2 98 4 3 4 27 8 4 1 162 15 5 4 192 9 7 , 199142.33725000086
4 40 7 7 3 132 8 5 3 252 8 6 2 257 10 7 5 84 20 1 2 312 16 1 5 25 11 4 , 231618.34100000013
4 248 12 1 5 315 12 3 3 230 6 3 4 227 18 3 4 295 4 4 3 176 17 5 1 165 3 1 , 255881.8345000002
4 37 3 7 4 206 1 5 6 197 5 5 2 318 10 5 3 139 20 2 1 233 15 6 3 157 8 7 , 174945.45849999975
1 69 3 5 1 68 10 3 1 22 11 8 2 82 2 2 2 261 1 5 5 54 10 1 2 181 4 2 , 113174.26824999964
2 214 19 6 3 253 15 6 3 43 6 1 3 25 9 1 2 107 11 4 6 222 18 5 2 259 6 2 , 229848.2642500014
5 230 4 1 5 95 16 4 3 49 3 1 5 218 4 1 6 85 6 4 3 294 3 2 1 225 20 1 , 145369.9057499999
6 142 10 1 4 241 6 4 1 267 15 5 2 101 7 5 5 33 19 1 3 186 20 5 5 83 1 5 , 224937.77300000025
1 173 20 4 2 147 6 8 4 199 3 4 5 137 9 4 1 205 10 8 2 222 4 8 4 44 15 8 , 186117.4882500002
5 101 6 5 6 205 11 8 5 102 15 7 4 137 5 4 6 66 17 7 6 95 13 1 5 96 17 6 , 237149.21449999968
1 96 2 1 3 64 13 6 4 149 19 8 4 216 20 4 6 54 4 8 6 202 6 4 4 265 12 1 , 209437.6139999997
3 260 10 8 4 221 3 3 2 195 18 3 6 38 9 4 1 83 7 5 6 166 9 8 3 34 12 8 , 195395.79124999983
5 121 20 2 5 90 12 5 6 135 13 3 2 40 9 7 6 260 18 1 2 303 3 5 1 193 18 5 , 272439.72524999984
3 20 19 5 4 101 10 3 5 168 14 8 5 138 18 8 3 247 6 1 5 51 14 4 6 236 1 7 , 216864.45349999887
1 213 4 3 5 319 4 4 5 164 2 6 3 120 6 6 2 289 14 3 2 190 11 6 6 24 6 4 , 143974.95325000002
4 147 15 5 5 44 9 1 4 226 1 2 5 176 6 4 3 310 2 4 3 58 18 6 5 183 1 7 , 161428.39675000033
6 171 4 8 5 172 11 8 3 197 10 4 2 288 9 3 4 316 17 4 1 308 18 1 4 130 6 7 , 213887.8279999997
2 104 7 1 5 37 3 2 2 50 11 2 2 178 7 5 6 289 14 2 4 43 1 3 5 74 4 7 , 154172.13749999995
6 86 7 1 2 174 16 4 3 296 5 2 2 161 13 6 1 23 2 3 4 25 2 8 5 44 13 1 , 175741.33925000014
1 81 10 3 1 291 7 3 3 264 20 7 1 193 17 4 2 167 5 3 1 104 9 3 1 243 12 2 , 230959.26899999974
4 60 5 5 4 265 3 7 2 50 20 3 4 169 2 3 2 142 17 2 5 34 2 1 6 90 11 1 , 189169.16325
2 138 20 2 2 99 3 5 6 207 2 4 2 16 7 8 1 256 2 1 4 140 6 4 5 231 16 7 , 178318.31049999982
6 319 6 4 1 224 6 8 5 17 13 3 3 118 20 7 2 260 13 3 4 258 7 1 2 287 15 4 , 242042.93000000052
3 176 13 8 6 105 10 7 6 248 11 1 6 76 2 8 1 24 6 8 1 102 10 3 6 115 6 4 , 183331.67099999922
2 256 15 2 2 239 9 1 5 186 11 8 2 16 12 2 4 22 19 7 2 191 17 2 6 130 15 1 , 317103.0582500001
6 83 10 2 2 186 6 6 5 155 16 6 1 90 3 4 6 110 19 5 1 72 19 8 6 243 7 4 , 237745.05999999895
5 119 19 6 4 230 5 2 1 163 16 6 3 221 16 8 4 272 18 3 5 46 12 5 1 309 7 7 , 282807.8704999992
2 154 18 2 4 201 20 1 5 118 8 2 1 42 2 1 4 93 14 8 1 306 8 8 6 224 17 6 , 271287.11224999995
6 218 16 4 6 139 6 1 1 67 7 6 5 254 11 6 5 255 3 2 6 263 12 8 3 241 11 1 , 223194.9254999995
3 232 4 6 5 192 19 5 2 165 14 8 2 315 6 7 4 82 20 7 4 130 10 2 2 313 20 6 , 276176.3282499999
1 20 3 1 3 158 5 2 5 103 7 8 1 147 6 1 3 209 11 8 5 34 4 3 6 115 14 8 , 167500.58999999994
2 69 4 7 1 245 5 8 4 263 10 3 5 284 14 1 6 215 3 8 6 203 10 6 2 206 14 3 , 206677.1522499998
2 278 16 2 3 320 10 5 4 249 17 2 5 242 4 1 5 276 6 7 5 216 11 8 3 300 11 7 , 258644.6877500001
3 93 1 6 3 125 4 6 5 207 20 4 5 54 5 2 1 289 6 6 1 159 7 6 3 26 9 4 , 204069.48350000038
2 203 8 4 2 192 17 1 4 317 20 2 4 183 5 2 4 188 5 2 5 172 5 1 4 160 8 2 , 215261.11925000016
5 257 14 6 6 102 1 2 6 199 10 8 3 172 2 2 1 295 14 6 6 69 8 4 2 200 15 1 , 194666.00425000017
3 76 16 8 3 96 13 1 5 39 8 6 3 194 19 1 4 148 13 8 5 246 10 8 3 198 18 8 , 306311.75699999946
6 67 7 5 1 145 11 3 3 99 9 4 4 175 12 4 5 147 20 3 1 137 4 8 5 256 3 4 , 226416.0585000001
1 171 15 2 4 28 9 5 4 61 12 1 1 152 19 4 4 174 15 7 2 31 8 7 6 247 14 7 , 311014.4279999994
6 141 7 2 4 255 6 2 4 300 9 6 6 166 8 3 6 221 8 2 6 255 13 1 3 43 14 7 , 223390.50399999958
1 62 5 5 3 166 9 4 4 119 5 3 6 183 14 4 6 164 14 3 5 49 19 5 4 229 17 1 , 297285.4539999995
2 225 5 3 2 223 8 7 5 43 14 5 6 141 18 4 3 96 11 2 2 272 20 8 3 313 2 7 , 255616.65874999957
4 174 14 7 3 280 7 1 2 23 17 6 3 38 4 1 1 114 15 8 5 32 6 4 1 264 4 3 , 251584.33424999978
3 279 5 6 5 109 20 7 5 306 4 3 1 144 5 1 2 106 9 7 4 179 18 1 4 170 18 1 , 269106.8622499999
5 29 18 7 2 120 15 1 1 232 20 2 1 34 18 2 5 114 4 7 6 249 6 2 1 294 15 8 , 324636.7102500018
3 19 19 7 2 38 8 7 2 282 17 5 1 282 17 7 1 250 5 7 1 261 2 1 3 120 1 3 , 246201.998000001
5 178 5 7 4 163 14 3 5 278 6 8 1 250 10 2 4 196 20 4 3 126 10 5 6 139 20 3 , 271104.0869999997
6 58 7 5 5 167 9 8 5 18 20 7 5 244 11 8 3 108 8 2 5 195 13 7 2 33 16 6 , 267841.1049999996
4 153 11 8 4 296 2 6 6 76 18 5 4 135 20 4 2 191 9 1 1 85 12 8 4 70 3 4 , 271792.28400000156
2 203 1 6 6 278 10 8 5 209 11 1 1 230 4 2 6 243 12 2 5 33 13 7 5 97 7 6 , 222403.31375000012
5 142 20 2 3 213 3 3 3 299 20 6 6 312 13 8 2 209 19 6 4 52 3 5 5 231 12 7 , 300773.7147500012
2 272 4 2 2 237 12 6 6 101 15 6 6 29 15 5 5 112 11 8 6 165 4 3 6 151 20 4 , 262132.28099999958
5 66 12 1 1 209 11 5 5 144 15 7 2 317 19 5 1 288 11 4 2 156 18 8 1 52 16 5 , 340539.8489999995
1 113 16 1 1 42 1 8 2 189 4 4 5 87 14 8 4 80 5 2 5 18 14 8 6 120 1 4 , 190880.59149999995
3 242 10 8 3 187 15 1 2 278 9 8 2 125 11 4 3 201 17 5 2 230 11 7 6 251 17 7 , 315053.79874999996
4 88 20 5 4 68 20 3 3 88 5 3 3 137 1 6 5 36 5 5 4 292 17 3 2 120 15 7 , 313585.2489999993
3 273 10 6 4 144 6 2 2 147 11 3 4 140 16 5 5 305 14 6 3 73 16 5 5 65 6 3 , 250524.73849999905
4 101 14 3 3 294 20 7 6 227 11 8 5 77 11 6 3 318 7 2 5 111 4 2 3 260 13 7 , 277634.2217500011
6 316 10 8 6 291 15 8 2 202 12 6 6 316 20 3 5 201 17 5 1 259 7 1 6 265 12 2 , 331267.42575
2 74 6 7 5 164 9 3 5 108 14 3 4 71 13 8 1 258 2 2 1 145 6 7 6 256 4 1 , 194415.33375000022
2 320 7 3 6 158 6 4 6 55 3 5 3 131 8 8 2 231 4 8 5 287 11 6 6 88 14 5 , 188887.36074999964
3 43 19 1 3 116 10 4 4 129 4 6 5 299 20 5 4 258 6 5 6 130 5 5 1 52 17 8 , 300476.4900000016
5 113 15 6 4 129 1 2 5 238 2 3 2 145 9 7 3 196 5 8 6 52 19 3 2 197 17 5 , 259163.1122500002
2 41 16 7 1 218 13 6 5 198 12 6 5 129 2 3 4 36 16 5 4 170 10 8 2 202 14 3 , 283684.3727500004
1 211 1 4 6 295 1 6 1 196 2 7 4 199 19 6 6 241 2 5 4 297 8 2 4 263 15 6 , 164689.83324999994
1 213 6 2 1 273 13 5 3 210 18 3 6 70 8 1 2 258 19 4 2 111 16 1 3 122 20 2 , 366862.3675000006
5 174 18 5 5 229 9 2 4 169 18 8 3 283 4 7 5 275 7 3 2 285 11 2 5 272 6 4 , 235509.56075000047
4 176 12 5 6 118 15 3 2 127 18 7 6 195 10 1 3 18 2 4 4 252 1 1 3 258 18 4 , 292057.10825000005
4 157 17 6 2 180 13 1 1 229 5 1 6 292 2 1 4 92 14 6 3 57 17 1 3 52 14 8 , 277586.89300000004
3 253 13 7 6 162 5 4 2 27 5 8 6 172 5 5 2 176 14 4 6 165 1 6 3 163 11 7 , 196555.90324999997
6 69 14 3 1 256 5 8 3 274 17 3 1 312 3 3 4 250 1 6 1 63 13 1 5 177 8 5 , 234974.83174999958
4 290 2 1 2 19 17 7 5 221 11 3 6 228 15 1 3 174 3 7 3 147 15 3 3 38 2 2 , 282097.83000000095
3 110 10 1 1 84 1 4 4 256 9 5 5 196 8 1 3 210 3 6 2 263 17 4 4 24 15 1 , 231996.19474999967
1 149 11 8 1 85 20 7 1 71 16 6 1 225 16 6 6 49 9 3 6 82 16 2 1 156 5 2 , 357873.28674999985
1 181 4 6 4 99 13 5 2 206 2 5 4 20 15 1 4 217 17 1 6 38 8 1 6 112 12 3 , 285352.32375000085
2 38 10 4 3 75 5 6 6 146 11 7 6 116 15 1 2 276 18 8 2 177 12 8 1 24 7 8 , 289021.99924999895
5 24 5 6 1 90 8 6 3 84 9 2 2 96 4 1 2 320 2 2 1 260 7 1 4 254 10 8 , 181972.8812500005
4 78 19 6 1 257 14 1 1 108 9 2 5 45 17 5 6 26 13 1 3 30 13 3 5 233 12 4 , 393462.75674999965
2 19 6 8 3 230 17 7 2 207 9 5 1 170 9 3 5 191 9 7 3 133 20 1 4 87 10 7 , 293024.2977499988
2 248 4 3 2 65 16 4 1 164 14 6 5 51 13 7 3 205 9 3 2 142 7 3 6 290 20 3 , 311928.3484999991
1 30 9 2 5 16 2 5 2 105 3 4 3 25 7 8 2 124 3 8 2 143 2 7 1 304 11 7 , 171252.18300000054
2 152 15 8 2 230 4 5 2 162 6 5 2 17 7 6 4 81 14 2 2 250 3 6 6 316 19 4 , 269566.22424999985
3 17 16 7 1 299 12 7 1 292 18 5 4 37 5 4 5 83 7 6 6 312 3 8 6 295 10 1 , 264949.3727499997
6 153 8 2 6 306 5 7 2 312 7 2 5 163 8 7 6 253 3 6 2 228 8 6 4 131 17 2 , 237945.29175000038
3 134 15 8 4 243 18 1 4 101 7 7 5 27 1 5 1 162 19 6 5 64 1 3 1 18 15 4 , 301505.27799999935
3 62 4 4 5 205 19 7 1 246 13 8 5 279 19 8 4 290 3 2 6 272 10 6 3 277 1 3 , 253932.9250000001
3 274 19 6 3 19 1 7 6 223 11 2 4 17 13 3 6 319 5 7 2 199 15 5 4 39 10 3 , 277655.52474999893
2 161 20 5 6 128 5 8 4 256 11 6 4 270 6 4 3 229 3 7 2 82 7 2 4 305 3 4 , 238934.43449999974
3 182 15 5 3 140 1 8 5 96 11 6 1 260 20 4 3 271 4 8 2 90 19 3 5 67 11 6 , 326448.39699999866
1 223 10 8 6 269 4 4 2 148 4 7 6 175 8 3 3 49 10 5 3 298 15 3 5 73 16 8 , 293483.8119999997
3 82 16 7 5 204 8 3 4 81 7 4 2 81 6 4 4 112 6 8 4 17 12 3 3 57 9 8 , 277379.6362500004
2 106 16 4 2 286 8 7 5 301 1 6 1 241 7 1 3 58 9 6 3 256 2 5 3 236 3 5 , 225496.54900000044
2 125 13 6 3 303 1 7 3 245 10 1 1 94 11 1 5 148 20 5 1 207 14 6 5 23 17 3 , 341118.5012499996
1 234 14 8 1 70 9 7 2 184 15 7 5 28 18 3 5 81 7 4 4 228 16 2 6 258 16 1 , 441450.5629999992
6 181 12 2 2 20 7 6 4 114 5 5 4 277 10 8 3 266 3 4 2 175 18 5 5 232 11 8 , 257969.72774999955
3 256 16 1 1 220 3 6 5 147 18 4 5 172 18 7 4 122 13 2 2 172 18 7 2 208 4 2 , 433025.1124999991
1 248 13 3 6 299 16 3 5 286 10 1 2 80 6 7 1 21 1 2 3 262 18 2 3 247 15 7 , 364507.97949999897
6 113 12 7 6 89 1 3 4 130 17 1 5 189 10 7 5 184 10 1 6 194 12 6 2 117 7 5 , 298263.25424999767
2 279 9 8 3 45 18 2 1 317 10 8 3 207 20 7 6 63 2 1 1 82 4 8 1 95 20 8 , 337491.3717500012
5 302 13 1 4 16 2 5 2 120 15 7 3 61 9 1 1 62 4 4 3 79 6 1 3 236 5 6 , 266997.77250000037
1 206 20 3 5 130 2 2 2 194 3 7 3 137 4 8 5 115 18 6 1 284 12 4 2 228 14 3 , 303937.4070000011
4 85 17 6 4 266 14 2 6 200 11 3 5 164 17 2 1 55 20 4 1 95 8 8 2 306 6 3 , 427615.0090000014
6 84 3 5 6 200 8 1 1 47 11 5 1 176 20 3 4 195 17 6 2 62 11 6 1 306 15 8 , 344195.3845000003
5 158 18 1 5 264 15 5 5 213 19 1 5 267 4 7 3 315 8 6 5 237 19 5 6 40 18 6 , 468618.9665000011
1 228 17 7 6 180 16 5 6 139 18 2 6 305 5 8 5 171 18 2 5 35 18 2 5 273 11 8 , 443982.4422499992
4 60 20 8 3 300 6 6 6 214 10 6 2 27 8 1 1 296 8 8 5 81 9 3 3 18 18 2 , 317023.887500001
3 198 16 2 5 145 15 2 3 55 19 2 4 185 7 1 2 24 12 4 1 284 16 1 3 155 11 5 , 433077.88175000047
3 126 7 3 3 66 6 1 2 294 10 1 4 73 18 2 2 273 13 5 2 130 2 5 1 301 15 8 , 323040.9509999995
5 53 20 2 2 93 7 5 4 83 3 4 2 240 8 6 6 58 20 8 1 240 3 7 3 189 13 2 , 356646.40500000026
2 305 3 8 1 66 8 5 2 241 12 4 4 206 7 3 4 240 4 2 4 202 5 5 1 152 11 3 , 234367.39599999992
4 33 17 4 2 222 11 2 3 283 19 3 2 214 5 3 1 82 17 8 6 210 5 5 4 174 12 1 , 374248.20749999944
2 223 15 8 2 235 16 3 2 47 8 1 3 101 18 7 4 249 14 1 6 284 7 5 5 22 2 1 , 351546.31024999905
2 94 13 3 2 182 8 1 5 171 18 7 3 84 9 2 4 298 16 6 1 66 16 1 2 315 20 1 , 420158.01700000156
