5 114 16 5 2 39 2 4 4 218 11 3 3 38 5 5 5 266 12 1 4 70 10 3 4 83 15 8 , 121785.71875000077
4 182 6 7 4 241 4 5 4 56 10 3 1 47 15 1 3 40 16 3 4 118 20 5 3 218 1 8 , 124002.6600000002
3 193 10 1 5 249 11 3 3 32 17 5 3 77 12 4 1 181 9 2 2 106 9 8 5 49 6 4 , 147109.59300000023
3 183 16 6 5 84 1 6 4 225 11 2 5 87 15 5 2 230 14 2 4 122 14 5 2 39 13 5 , 149773.7840000001
6 71 3 7 4 309 18 7 6 165 12 2 4 97 10 6 6 264 5 2 1 94 7 7 4 54 16 7 , 122389.40225000048
5 278 4 4 4 268 10 8 3 173 10 3 5 212 18 7 5 75 3 7 2 105 17 6 2 53 2 1 , 117681.5137500004
6 109 16 1 4 148 1 4 5 101 17 3 4 150 6 6 1 281 14 5 2 275 9 7 2 233 17 6 , 172667.34025
3 257 12 3 5 64 6 5 5 33 5 3 5 127 16 1 1 183 14 3 1 311 11 1 2 130 1 6 , 121618.32724999973
1 268 9 1 4 235 16 5 3 174 2 4 6 277 6 1 4 227 20 5 6 205 17 8 2 76 5 7 , 143689.7482500001
3 21 3 5 2 232 7 6 4 245 7 6 6 255 14 7 3 289 17 4 2 145 17 2 1 115 2 7 , 128982.09900000048
4 251 14 1 1 130 17 7 4 21 7 3 3 114 4 2 4 108 10 7 5 128 5 5 4 202 12 7 , 177326.25324999986
5 135 4 7 6 222 9 1 6 148 7 3 3 200 2 6 2 144 3 7 6 260 18 7 2 106 16 1 , 114951.82574999983
1 23 14 2 6 22 13 7 1 203 19 3 4 262 7 4 1 20 9 1 6 118 2 5 5 61 14 2 , 155558.83025
3 139 10 6 5 195 14 3 1 87 10 3 3 126 7 2 6 249 2 1 4 208 2 1 4 76 2 2 , 95430.45174999986
2 301 9 4 5 17 18 1 4 249 14 1 5 251 6 4 5 216 14 3 5 191 6 4 2 284 6 4 , 146655.37799999933
2 296 7 2 4 16 10 5 4 156 19 8 3 17 18 4 2 115 3 4 5 257 20 4 3 292 1 8 , 152946.27349999978
2 254 13 3 6 193 10 7 6 265 16 4 2 257 5 5 2 111 16 3 6 123 17 4 1 40 18 2 , 181923.54249999937
3 123 8 8 6 24 13 8 1 262 3 1 3 187 17 3 6 200 5 2 3 170 14 8 4 252 12 7 , 142242.40674999962
4 139 18 7 4 140 15 4 5 315 18 2 1 286 20 8 5 247 16 1 5 97 16 8 2 189 14 7 , 228801.15799999982
4 67 4 8 4 159 16 6 4 213 9 6 4 303 13 2 1 149 11 7 4 233 3 3 1 17 6 7 , 128755.17800000013
5 28 2 3 5 16 1 5 5 154 8 4 3 250 18 3 6 152 16 3 1 127 19 4 2 234 8 8 , 149007.51349999983
4 239 10 8 5 320 15 2 1 204 10 1 2 86 14 1 1 67 2 3 3 162 10 8 5 206 17 4 , 152210.14474999986
5 145 7 6 5 228 1 8 4 153 19 4 1 58 6 5 2 294 5 8 6 288 3 1 6 268 3 2 , 94583.17449999967
4 218 11 7 6 60 15 4 2 30 8 1 5 25 5 8 3 219 12 1 3 73 6 8 2 286 2 6 , 125659.88549999989
6 299 6 4 2 311 3 7 3 177 16 7 2 142 20 7 1 229 9 7 4 184 12 3 1 138 20 8 , 172232.08849999984
5 276 18 1 1 176 18 8 6 218 16 6 2 181 11 7 4 255 10 7 6 298 5 6 5 16 17 1 , 296142.8197500011
3 23 13 8 2 162 9 5 4 273 19 6 1 219 1 4 1 43 6 1 2 88 6 1 3 78 2 6 , 120010.16900000034
4 130 19 7 2 279 12 8 3 84 15 2 3 67 10 5 4 261 12 4 6 176 19 5 4 165 14 4 , 207428.22524999978
4 306 17 6 3 29 12 5 4 304 8 5 6 106 7 6 1 166 12 2 2 103 12 1 1 78 7 5 , 162126.27274999965
2 104 11 4 4 76 5 7 5 187 9 2 4 107 9 7 3 277 2 1 2 87 12 3 4 107 19 2 , 149094.44950000034
1 88 19 8 3 83 15 5 2 37 11 6 3 270 2 7 4 112 20 7 4 202 8 8 1 282 6 3 , 176551.64800000048
2 20 10 1 4 256 13 2 6 260 10 1 4 128 5 2 4 107 16 8 5 315 20 4 3 136 14 7 , 201182.3315000013
6 231 10 8 4 165 9 2 4 267 20 5 3 120 8 5 2 115 18 1 2 119 11 6 3 99 13 3 , 198469.50850000072
2 291 16 8 2 203 18 5 2 181 12 2 3 254 1 8 6 46 2 6 3 256 11 5 2 45 5 8 , 154156.7889999996
4 194 4 7 6 48 5 5 5 256 14 2 1 44 20 8 4 199 18 2 5 41 19 1 5 160 10 2 , 201708.72624999954
1 29 13 1 3 225 17 1 1 18 7 1 5 56 19 1 2 52 14 2 3 272 20 6 4 164 19 3 , 279060.4042499992
1 40 3 2 1 294 18 3 1 36 8 8 2 305 9 8 4 23 7 1 1 52 9 2 6 135 7 8 , 138513.0897500001
1 51 15 8 1 144 9 3 1 83 3 3 5 244 11 5 2 113 19 8 2 265 13 4 1 296 13 7 , 194221.52074999965
1 192 13 2 5 74 1 4 2 314 16 6 6 244 9 1 3 145 14 8 6 130 18 1 2 18 5 8 , 165380.09100000127
6 99 12 2 5 250 5 6 5 177 7 5 2 309 18 1 2 246 8 5 1 32 5 6 5 95 7 6 , 144251.5532499996
5 95 8 1 6 234 15 7 1 91 18 8 2 300 14 5 5 252 2 1 1 28 6 3 3 174 6 1 , 162322.6944999992
5 197 10 1 3 33 12 4 3 301 20 3 1 127 18 3 6 200 8 3 1 224 8 1 1 135 15 1 , 246907.72650000083
1 245 16 1 2 311 3 1 2 64 2 1 2 95 6 1 5 298 19 3 5 131 19 6 3 282 3 4 , 194246.60749999975
5 103 12 8 4 115 7 6 6 131 10 6 1 231 12 6 4 316 15 3 2 114 2 3 2 294 17 4 , 178921.00475000063
5 249 2 7 1 192 10 1 3 57 7 4 4 108 16 6 4 277 18 5 5 315 6 6 1 78 8 3 , 154338.96500000008
4 192 11 7 6 226 14 3 3 99 16 6 5 153 2 7 1 36 14 3 1 134 18 6 3 246 20 3 , 228653.11450000003
2 266 7 8 1 268 14 6 4 99 2 3 2 134 9 8 1 21 10 4 1 120 11 5 6 26 12 5 , 162597.7972500004
1 289 14 5 2 52 5 3 5 166 8 3 4 47 4 4 5 22 11 7 3 122 11 5 4 82 17 7 , 174203.4220000003
6 305 15 6 3 230 11 3 6 287 20 8 5 17 10 5 6 306 14 4 6 264 15 1 1 272 19 2 , 265027.0017499995
5 213 8 6 1 318 8 4 1 194 12 7 2 222 18 1 4 306 14 2 5 76 9 3 5 170 4 5 , 180417.14999999973
5 114 16 5 2 39 2 4 4 218 11 3 3 38 5 5 5 266 12 1 4 70 10 3 4 83 15 8 , 123407.07024999964
4 182 6 7 4 241 4 5 4 56 10 3 1 47 15 1 3 40 16 3 4 118 20 5 3 218 1 8 , 127845.17674999998
3 193 10 1 5 249 11 3 3 32 17 5 3 77 12 4 1 181 9 2 2 106 9 8 5 49 6 4 , 149693.73424999992
3 183 16 6 5 84 1 6 4 225 11 2 5 87 15 5 2 230 14 2 4 122 14 5 2 39 13 5 , 148814.07999999964
6 71 3 7 4 309 18 7 6 165 12 2 4 97 10 6 6 264 5 2 1 94 7 7 4 54 16 7 , 126854.93999999962
5 278 4 4 4 268 10 8 3 173 10 3 5 212 18 7 5 75 3 7 2 105 17 6 2 53 2 1 , 116674.94100000012
6 109 16 1 4 148 1 4 5 101 17 3 4 150 6 6 1 281 14 5 2 275 9 7 2 233 17 6 , 170463.86024999994
3 257 12 3 5 64 6 5 5 33 5 3 5 127 16 1 1 183 14 3 1 311 11 1 2 130 1 6 , 121993.22025000033
1 268 9 1 4 235 16 5 3 174 2 4 6 277 6 1 4 227 20 5 6 205 17 8 2 76 5 7 , 143010.11200000017
3 21 3 5 2 232 7 6 4 245 7 6 6 255 14 7 3 289 17 4 2 145 17 2 1 115 2 7 , 127564.30550000005
4 251 14 1 1 130 17 7 4 21 7 3 3 114 4 2 4 108 10 7 5 128 5 5 4 202 12 7 , 177845.20875000022
5 135 4 7 6 222 9 1 6 148 7 3 3 200 2 6 2 144 3 7 6 260 18 7 2 106 16 1 , 115873.44175000009
1 23 14 2 6 22 13 7 1 203 19 3 4 262 7 4 1 20 9 1 6 118 2 5 5 61 14 2 , 153254.65199999977
3 139 10 6 5 195 14 3 1 87 10 3 3 126 7 2 6 249 2 1 4 208 2 1 4 76 2 2 , 91000.54249999986
2 301 9 4 5 17 18 1 4 249 14 1 5 251 6 4 5 216 14 3 5 191 6 4 2 284 6 4 , 145808.9672500001
2 296 7 2 4 16 10 5 4 156 19 8 3 17 18 4 2 115 3 4 5 257 20 4 3 292 1 8 , 151827.6415
2 254 13 3 6 193 10 7 6 265 16 4 2 257 5 5 2 111 16 3 6 123 17 4 1 40 18 2 , 183630.79674999882
3 123 8 8 6 24 13 8 1 262 3 1 3 187 17 3 6 200 5 2 3 170 14 8 4 252 12 7 , 145875.51400000034
4 139 18 7 4 140 15 4 5 315 18 2 1 286 20 8 5 247 16 1 5 97 16 8 2 189 14 7 , 225448.07600000058
4 67 4 8 4 159 16 6 4 213 9 6 4 303 13 2 1 149 11 7 4 233 3 3 1 17 6 7 , 128876.26450000043
5 28 2 3 5 16 1 5 5 154 8 4 3 250 18 3 6 152 16 3 1 127 19 4 2 234 8 8 , 144788.27900000004
4 239 10 8 5 320 15 2 1 204 10 1 2 86 14 1 1 67 2 3 3 162 10 8 5 206 17 4 , 153760.57050000047
5 145 7 6 5 228 1 8 4 153 19 4 1 58 6 5 2 294 5 8 6 288 3 1 6 268 3 2 , 93733.32675000001
4 218 11 7 6 60 15 4 2 30 8 1 5 25 5 8 3 219 12 1 3 73 6 8 2 286 2 6 , 125041.07300000043
6 299 6 4 2 311 3 7 3 177 16 7 2 142 20 7 1 229 9 7 4 184 12 3 1 138 20 8 , 180093.2142499999
5 276 18 1 1 176 18 8 6 218 16 6 2 181 11 7 4 255 10 7 6 298 5 6 5 16 17 1 , 294514.4695000001
3 23 13 8 2 162 9 5 4 273 19 6 1 219 1 4 1 43 6 1 2 88 6 1 3 78 2 6 , 119144.46300000019
4 130 19 7 2 279 12 8 3 84 15 2 3 67 10 5 4 261 12 4 6 176 19 5 4 165 14 4 , 206995.89100000003
4 306 17 6 3 29 12 5 4 304 8 5 6 106 7 6 1 166 12 2 2 103 12 1 1 78 7 5 , 162570.5504999999
2 104 11 4 4 76 5 7 5 187 9 2 4 107 9 7 3 277 2 1 2 87 12 3 4 107 19 2 , 144827.55800000008
1 88 19 8 3 83 15 5 2 37 11 6 3 270 2 7 4 112 20 7 4 202 8 8 1 282 6 3 , 176564.31274999928
2 20 10 1 4 256 13 2 6 260 10 1 4 128 5 2 4 107 16 8 5 315 20 4 3 136 14 7 , 205768.36200000046
6 231 10 8 4 165 9 2 4 267 20 5 3 120 8 5 2 115 18 1 2 119 11 6 3 99 13 3 , 197832.10574999993
2 291 16 8 2 203 18 5 2 181 12 2 3 254 1 8 6 46 2 6 3 256 11 5 2 45 5 8 , 145139.9919999998
4 194 4 7 6 48 5 5 5 256 14 2 1 44 20 8 4 199 18 2 5 41 19 1 5 160 10 2 , 200072.76350000055
1 29 13 1 3 225 17 1 1 18 7 1 5 56 19 1 2 52 14 2 3 272 20 6 4 164 19 3 , 284061.7865000004
1 40 3 2 1 294 18 3 1 36 8 8 2 305 9 8 4 23 7 1 1 52 9 2 6 135 7 8 , 140311.2432500002
1 51 15 8 1 144 9 3 1 83 3 3 5 244 11 5 2 113 19 8 2 265 13 4 1 296 13 7 , 190889.5754999998
1 192 13 2 5 74 1 4 2 314 16 6 6 244 9 1 3 145 14 8 6 130 18 1 2 18 5 8 , 166267.69250000035
6 99 12 2 5 250 5 6 5 177 7 5 2 309 18 1 2 246 8 5 1 32 5 6 5 95 7 6 , 144212.76724999974
5 95 8 1 6 234 15 7 1 91 18 8 2 300 14 5 5 252 2 1 1 28 6 3 3 174 6 1 , 164301.444
5 197 10 1 3 33 12 4 3 301 20 3 1 127 18 3 6 200 8 3 1 224 8 1 1 135 15 1 , 247353.20300000097
1 245 16 1 2 311 3 1 2 64 2 1 2 95 6 1 5 298 19 3 5 131 19 6 3 282 3 4 , 182561.0197500001
5 103 12 8 4 115 7 6 6 131 10 6 1 231 12 6 4 316 15 3 2 114 2 3 2 294 17 4 , 172520.0125000002
5 249 2 7 1 192 10 1 3 57 7 4 4 108 16 6 4 277 18 5 5 315 6 6 1 78 8 3 , 161635.85324999964
4 192 11 7 6 226 14 3 3 99 16 6 5 153 2 7 1 36 14 3 1 134 18 6 3 246 20 3 , 224948.9354999999
2 266 7 8 1 268 14 6 4 99 2 3 2 134 9 8 1 21 10 4 1 120 11 5 6 26 12 5 , 161807.80524999957
1 289 14 5 2 52 5 3 5 166 8 3 4 47 4 4 5 22 11 7 3 122 11 5 4 82 17 7 , 172154.0292499996
6 305 15 6 3 230 11 3 6 287 20 8 5 17 10 5 6 306 14 4 6 264 15 1 1 272 19 2 , 265556.47599999985
5 213 8 6 1 318 8 4 1 194 12 7 2 222 18 1 4 306 14 2 5 76 9 3 5 170 4 5 , 180716.09125000003
5 114 16 5 2 39 2 4 4 218 11 3 3 38 5 5 5 266 12 1 4 70 10 3 4 83 15 8 , 122365.12299999957
4 182 6 7 4 241 4 5 4 56 10 3 1 47 15 1 3 40 16 3 4 118 20 5 3 218 1 8 , 124135.11800000028
3 193 10 1 5 249 11 3 3 32 17 5 3 77 12 4 1 181 9 2 2 106 9 8 5 49 6 4 , 148038.64224999957
3 183 16 6 5 84 1 6 4 225 11 2 5 87 15 5 2 230 14 2 4 122 14 5 2 39 13 5 , 149228.6085000001
6 71 3 7 4 309 18 7 6 165 12 2 4 97 10 6 6 264 5 2 1 94 7 7 4 54 16 7 , 125820.64849999969
5 278 4 4 4 268 10 8 3 173 10 3 5 212 18 7 5 75 3 7 2 105 17 6 2 53 2 1 , 118921.80399999967
6 109 16 1 4 148 1 4 5 101 17 3 4 150 6 6 1 281 14 5 2 275 9 7 2 233 17 6 , 170047.22349999988
3 257 12 3 5 64 6 5 5 33 5 3 5 127 16 1 1 183 14 3 1 311 11 1 2 130 1 6 , 121010.15774999982
1 268 9 1 4 235 16 5 3 174 2 4 6 277 6 1 4 227 20 5 6 205 17 8 2 76 5 7 , 142248.2367499992
3 21 3 5 2 232 7 6 4 245 7 6 6 255 14 7 3 289 17 4 2 145 17 2 1 115 2 7 , 127718.97924999993
4 251 14 1 1 130 17 7 4 21 7 3 3 114 4 2 4 108 10 7 5 128 5 5 4 202 12 7 , 178713.54599999997
5 135 4 7 6 222 9 1 6 148 7 3 3 200 2 6 2 144 3 7 6 260 18 7 2 106 16 1 , 112993.11874999973
1 23 14 2 6 22 13 7 1 203 19 3 4 262 7 4 1 20 9 1 6 118 2 5 5 61 14 2 , 153504.92775000012
3 139 10 6 5 195 14 3 1 87 10 3 3 126 7 2 6 249 2 1 4 208 2 1 4 76 2 2 , 94870.12500000007
2 301 9 4 5 17 18 1 4 249 14 1 5 251 6 4 5 216 14 3 5 191 6 4 2 284 6 4 , 150417.6252500001
2 296 7 2 4 16 10 5 4 156 19 8 3 17 18 4 2 115 3 4 5 257 20 4 3 292 1 8 , 154750.73449999964
2 254 13 3 6 193 10 7 6 265 16 4 2 257 5 5 2 111 16 3 6 123 17 4 1 40 18 2 , 181052.5647500002
3 123 8 8 6 24 13 8 1 262 3 1 3 187 17 3 6 200 5 2 3 170 14 8 4 252 12 7 , 148084.77275000047
4 139 18 7 4 140 15 4 5 315 18 2 1 286 20 8 5 247 16 1 5 97 16 8 2 189 14 7 , 230732.660250001
4 67 4 8 4 159 16 6 4 213 9 6 4 303 13 2 1 149 11 7 4 233 3 3 1 17 6 7 , 129885.91125000002
5 28 2 3 5 16 1 5 5 154 8 4 3 250 18 3 6 152 16 3 1 127 19 4 2 234 8 8 , 148769.25124999922
4 239 10 8 5 320 15 2 1 204 10 1 2 86 14 1 1 67 2 3 3 162 10 8 5 206 17 4 , 154752.04724999974
5 145 7 6 5 228 1 8 4 153 19 4 1 58 6 5 2 294 5 8 6 288 3 1 6 268 3 2 , 92874.03550000009
4 218 11 7 6 60 15 4 2 30 8 1 5 25 5 8 3 219 12 1 3 73 6 8 2 286 2 6 , 127189.58925000012
6 299 6 4 2 311 3 7 3 177 16 7 2 142 20 7 1 229 9 7 4 184 12 3 1 138 20 8 , 173684.15574999904
5 276 18 1 1 176 18 8 6 218 16 6 2 181 11 7 4 255 10 7 6 298 5 6 5 16 17 1 , 298872.9199999996
3 23 13 8 2 162 9 5 4 273 19 6 1 219 1 4 1 43 6 1 2 88 6 1 3 78 2 6 , 118318.28150000007
4 130 19 7 2 279 12 8 3 84 15 2 3 67 10 5 4 261 12 4 6 176 19 5 4 165 14 4 , 209442.58650000044
4 306 17 6 3 29 12 5 4 304 8 5 6 106 7 6 1 166 12 2 2 103 12 1 1 78 7 5 , 161693.3389999998
2 104 11 4 4 76 5 7 5 187 9 2 4 107 9 7 3 277 2 1 2 87 12 3 4 107 19 2 , 145485.32600000018
1 88 19 8 3 83 15 5 2 37 11 6 3 270 2 7 4 112 20 7 4 202 8 8 1 282 6 3 , 173764.26699999988
2 20 10 1 4 256 13 2 6 260 10 1 4 128 5 2 4 107 16 8 5 315 20 4 3 136 14 7 , 204912.75674999977
6 231 10 8 4 165 9 2 4 267 20 5 3 120 8 5 2 115 18 1 2 119 11 6 3 99 13 3 , 194920.13400000034
2 291 16 8 2 203 18 5 2 181 12 2 3 254 1 8 6 46 2 6 3 256 11 5 2 45 5 8 , 141960.94174999997
4 194 4 7 6 48 5 5 5 256 14 2 1 44 20 8 4 199 18 2 5 41 19 1 5 160 10 2 , 200032.40700000012
1 29 13 1 3 225 17 1 1 18 7 1 5 56 19 1 2 52 14 2 3 272 20 6 4 164 19 3 , 282108.3989999987
1 40 3 2 1 294 18 3 1 36 8 8 2 305 9 8 4 23 7 1 1 52 9 2 6 135 7 8 , 140297.18400000047
1 51 15 8 1 144 9 3 1 83 3 3 5 244 11 5 2 113 19 8 2 265 13 4 1 296 13 7 , 190591.60050000023
1 192 13 2 5 74 1 4 2 314 16 6 6 244 9 1 3 145 14 8 6 130 18 1 2 18 5 8 , 169011.02874999988
6 99 12 2 5 250 5 6 5 177 7 5 2 309 18 1 2 246 8 5 1 32 5 6 5 95 7 6 , 139926.94824999984
5 95 8 1 6 234 15 7 1 91 18 8 2 300 14 5 5 252 2 1 1 28 6 3 3 174 6 1 , 165386.3252500006
5 197 10 1 3 33 12 4 3 301 20 3 1 127 18 3 6 200 8 3 1 224 8 1 1 135 15 1 , 246255.25699999934
1 245 16 1 2 311 3 1 2 64 2 1 2 95 6 1 5 298 19 3 5 131 19 6 3 282 3 4 , 189293.75474999993
5 103 12 8 4 115 7 6 6 131 10 6 1 231 12 6 4 316 15 3 2 114 2 3 2 294 17 4 , 174637.7194999998
5 249 2 7 1 192 10 1 3 57 7 4 4 108 16 6 4 277 18 5 5 315 6 6 1 78 8 3 , 158482.71349999966
4 192 11 7 6 226 14 3 3 99 16 6 5 153 2 7 1 36 14 3 1 134 18 6 3 246 20 3 , 233280.9302499994
2 266 7 8 1 268 14 6 4 99 2 3 2 134 9 8 1 21 10 4 1 120 11 5 6 26 12 5 , 157383.95850000053
1 289 14 5 2 52 5 3 5 166 8 3 4 47 4 4 5 22 11 7 3 122 11 5 4 82 17 7 , 167405.9630000002
6 305 15 6 3 230 11 3 6 287 20 8 5 17 10 5 6 306 14 4 6 264 15 1 1 272 19 2 , 272182.3674999989
5 213 8 6 1 318 8 4 1 194 12 7 2 222 18 1 4 306 14 2 5 76 9 3 5 170 4 5 , 179182.3072500003
5 114 16 5 2 39 2 4 4 218 11 3 3 38 5 5 5 266 12 1 4 70 10 3 4 83 15 8 , 127223.28824999993
4 182 6 7 4 241 4 5 4 56 10 3 1 47 15 1 3 40 16 3 4 118 20 5 3 218 1 8 , 125600.85049999975
3 193 10 1 5 249 11 3 3 32 17 5 3 77 12 4 1 181 9 2 2 106 9 8 5 49 6 4 , 148514.75449999984
3 183 16 6 5 84 1 6 4 225 11 2 5 87 15 5 2 230 14 2 4 122 14 5 2 39 13 5 , 145811.90174999973
6 71 3 7 4 309 18 7 6 165 12 2 4 97 10 6 6 264 5 2 1 94 7 7 4 54 16 7 , 128100.30200000024
5 278 4 4 4 268 10 8 3 173 10 3 5 212 18 7 5 75 3 7 2 105 17 6 2 53 2 1 , 116234.89949999971
6 109 16 1 4 148 1 4 5 101 17 3 4 150 6 6 1 281 14 5 2 275 9 7 2 233 17 6 , 169127.2954999997
3 257 12 3 5 64 6 5 5 33 5 3 5 127 16 1 1 183 14 3 1 311 11 1 2 130 1 6 , 122580.03599999996
1 268 9 1 4 235 16 5 3 174 2 4 6 277 6 1 4 227 20 5 6 205 17 8 2 76 5 7 , 141217.42025000023
3 21 3 5 2 232 7 6 4 245 7 6 6 255 14 7 3 289 17 4 2 145 17 2 1 115 2 7 , 126634.87825000055
4 251 14 1 1 130 17 7 4 21 7 3 3 114 4 2 4 108 10 7 5 128 5 5 4 202 12 7 , 182805.50850000014
5 135 4 7 6 222 9 1 6 148 7 3 3 200 2 6 2 144 3 7 6 260 18 7 2 106 16 1 , 113401.81825000007
1 23 14 2 6 22 13 7 1 203 19 3 4 262 7 4 1 20 9 1 6 118 2 5 5 61 14 2 , 150747.24275000035
3 139 10 6 5 195 14 3 1 87 10 3 3 126 7 2 6 249 2 1 4 208 2 1 4 76 2 2 , 97597.97424999987
2 301 9 4 5 17 18 1 4 249 14 1 5 251 6 4 5 216 14 3 5 191 6 4 2 284 6 4 , 150004.29975
2 296 7 2 4 16 10 5 4 156 19 8 3 17 18 4 2 115 3 4 5 257 20 4 3 292 1 8 , 152018.93499999947
2 254 13 3 6 193 10 7 6 265 16 4 2 257 5 5 2 111 16 3 6 123 17 4 1 40 18 2 , 183497.48974999972
3 123 8 8 6 24 13 8 1 262 3 1 3 187 17 3 6 200 5 2 3 170 14 8 4 252 12 7 , 145285.25100000002
4 139 18 7 4 140 15 4 5 315 18 2 1 286 20 8 5 247 16 1 5 97 16 8 2 189 14 7 , 231616.20900000096
4 67 4 8 4 159 16 6 4 213 9 6 4 303 13 2 1 149 11 7 4 233 3 3 1 17 6 7 , 129116.4227500005
5 28 2 3 5 16 1 5 5 154 8 4 3 250 18 3 6 152 16 3 1 127 19 4 2 234 8 8 , 147477.30499999982
4 239 10 8 5 320 15 2 1 204 10 1 2 86 14 1 1 67 2 3 3 162 10 8 5 206 17 4 , 150939.78700000042
5 145 7 6 5 228 1 8 4 153 19 4 1 58 6 5 2 294 5 8 6 288 3 1 6 268 3 2 , 92803.04349999994
4 218 11 7 6 60 15 4 2 30 8 1 5 25 5 8 3 219 12 1 3 73 6 8 2 286 2 6 , 125754.11274999981
6 299 6 4 2 311 3 7 3 177 16 7 2 142 20 7 1 229 9 7 4 184 12 3 1 138 20 8 , 171649.16100000008
5 276 18 1 1 176 18 8 6 218 16 6 2 181 11 7 4 255 10 7 6 298 5 6 5 16 17 1 , 296048.91124999936
3 23 13 8 2 162 9 5 4 273 19 6 1 219 1 4 1 43 6 1 2 88 6 1 3 78 2 6 , 120787.83300000022
4 130 19 7 2 279 12 8 3 84 15 2 3 67 10 5 4 261 12 4 6 176 19 5 4 165 14 4 , 211177.34825000018
4 306 17 6 3 29 12 5 4 304 8 5 6 106 7 6 1 166 12 2 2 103 12 1 1 78 7 5 , 167114.79249999998
2 104 11 4 4 76 5 7 5 187 9 2 4 107 9 7 3 277 2 1 2 87 12 3 4 107 19 2 , 150222.39774999983
1 88 19 8 3 83 15 5 2 37 11 6 3 270 2 7 4 112 20 7 4 202 8 8 1 282 6 3 , 176020.46849999987
2 20 10 1 4 256 13 2 6 260 10 1 4 128 5 2 4 107 16 8 5 315 20 4 3 136 14 7 , 202720.96100000074
6 231 10 8 4 165 9 2 4 267 20 5 3 120 8 5 2 115 18 1 2 119 11 6 3 99 13 3 , 196075.41674999936
2 291 16 8 2 203 18 5 2 181 12 2 3 254 1 8 6 46 2 6 3 256 11 5 2 45 5 8 , 145709.54650000067
4 194 4 7 6 48 5 5 5 256 14 2 1 44 20 8 4 199 18 2 5 41 19 1 5 160 10 2 , 200542.64849999972
1 29 13 1 3 225 17 1 1 18 7 1 5 56 19 1 2 52 14 2 3 272 20 6 4 164 19 3 , 279832.25200000074
1 40 3 2 1 294 18 3 1 36 8 8 2 305 9 8 4 23 7 1 1 52 9 2 6 135 7 8 , 134175.9574999994
1 51 15 8 1 144 9 3 1 83 3 3 5 244 11 5 2 113 19 8 2 265 13 4 1 296 13 7 , 185156.27525000018
1 192 13 2 5 74 1 4 2 314 16 6 6 244 9 1 3 145 14 8 6 130 18 1 2 18 5 8 , 167528.25525000034
6 99 12 2 5 250 5 6 5 177 7 5 2 309 18 1 2 246 8 5 1 32 5 6 5 95 7 6 , 144082.00175000032
5 95 8 1 6 234 15 7 1 91 18 8 2 300 14 5 5 252 2 1 1 28 6 3 3 174 6 1 , 161577.12600000025
5 197 10 1 3 33 12 4 3 301 20 3 1 127 18 3 6 200 8 3 1 224 8 1 1 135 15 1 , 246087.0032499999
1 245 16 1 2 311 3 1 2 64 2 1 2 95 6 1 5 298 19 3 5 131 19 6 3 282 3 4 , 181698.34450000047
5 103 12 8 4 115 7 6 6 131 10 6 1 231 12 6 4 316 15 3 2 114 2 3 2 294 17 4 , 181537.1005000004
5 249 2 7 1 192 10 1 3 57 7 4 4 108 16 6 4 277 18 5 5 315 6 6 1 78 8 3 , 155185.70100000035
4 192 11 7 6 226 14 3 3 99 16 6 5 153 2 7 1 36 14 3 1 134 18 6 3 246 20 3 , 232895.18350000042
2 266 7 8 1 268 14 6 4 99 2 3 2 134 9 8 1 21 10 4 1 120 11 5 6 26 12 5 , 163266.02849999937
1 289 14 5 2 52 5 3 5 166 8 3 4 47 4 4 5 22 11 7 3 122 11 5 4 82 17 7 , 170372.0097500001
6 305 15 6 3 230 11 3 6 287 20 8 5 17 10 5 6 306 14 4 6 264 15 1 1 272 19 2 , 265977.65275000106
5 213 8 6 1 318 8 4 1 194 12 7 2 222 18 1 4 306 14 2 5 76 9 3 5 170 4 5 , 180091.8174999999
5 114 16 5 2 39 2 4 4 218 11 3 3 38 5 5 5 266 12 1 4 70 10 3 4 83 15 8 , 124925.22049999988
4 182 6 7 4 241 4 5 4 56 10 3 1 47 15 1 3 40 16 3 4 118 20 5 3 218 1 8 , 126990.88275000043
3 193 10 1 5 249 11 3 3 32 17 5 3 77 12 4 1 181 9 2 2 106 9 8 5 49 6 4 , 149279.45600000006
3 183 16 6 5 84 1 6 4 225 11 2 5 87 15 5 2 230 14 2 4 122 14 5 2 39 13 5 , 147730.03425000014
6 71 3 7 4 309 18 7 6 165 12 2 4 97 10 6 6 264 5 2 1 94 7 7 4 54 16 7 , 125185.14299999966
5 278 4 4 4 268 10 8 3 173 10 3 5 212 18 7 5 75 3 7 2 105 17 6 2 53 2 1 , 116128.23049999989
6 109 16 1 4 148 1 4 5 101 17 3 4 150 6 6 1 281 14 5 2 275 9 7 2 233 17 6 , 169878.3034999997
3 257 12 3 5 64 6 5 5 33 5 3 5 127 16 1 1 183 14 3 1 311 11 1 2 130 1 6 , 120927.57899999974
1 268 9 1 4 235 16 5 3 174 2 4 6 277 6 1 4 227 20 5 6 205 17 8 2 76 5 7 , 143250.64724999998
3 21 3 5 2 232 7 6 4 245 7 6 6 255 14 7 3 289 17 4 2 145 17 2 1 115 2 7 , 131493.98075000022
4 251 14 1 1 130 17 7 4 21 7 3 3 114 4 2 4 108 10 7 5 128 5 5 4 202 12 7 , 175601.87699999972
5 135 4 7 6 222 9 1 6 148 7 3 3 200 2 6 2 144 3 7 6 260 18 7 2 106 16 1 , 113940.15174999996
1 23 14 2 6 22 13 7 1 203 19 3 4 262 7 4 1 20 9 1 6 118 2 5 5 61 14 2 , 152717.4697500004
3 139 10 6 5 195 14 3 1 87 10 3 3 126 7 2 6 249 2 1 4 208 2 1 4 76 2 2 , 97154.01925000017
2 301 9 4 5 17 18 1 4 249 14 1 5 251 6 4 5 216 14 3 5 191 6 4 2 284 6 4 , 145564.79574999987
2 296 7 2 4 16 10 5 4 156 19 8 3 17 18 4 2 115 3 4 5 257 20 4 3 292 1 8 , 150058.76150000023
2 254 13 3 6 193 10 7 6 265 16 4 2 257 5 5 2 111 16 3 6 123 17 4 1 40 18 2 , 183726.96650000004
3 123 8 8 6 24 13 8 1 262 3 1 3 187 17 3 6 200 5 2 3 170 14 8 4 252 12 7 , 143626.20124999952
4 139 18 7 4 140 15 4 5 315 18 2 1 286 20 8 5 247 16 1 5 97 16 8 2 189 14 7 , 229268.89674999888
4 67 4 8 4 159 16 6 4 213 9 6 4 303 13 2 1 149 11 7 4 233 3 3 1 17 6 7 , 125062.11499999971
5 28 2 3 5 16 1 5 5 154 8 4 3 250 18 3 6 152 16 3 1 127 19 4 2 234 8 8 , 148655.12025000027
4 239 10 8 5 320 15 2 1 204 10 1 2 86 14 1 1 67 2 3 3 162 10 8 5 206 17 4 , 154253.2864999993
5 145 7 6 5 228 1 8 4 153 19 4 1 58 6 5 2 294 5 8 6 288 3 1 6 268 3 2 , 94506.88449999988
4 218 11 7 6 60 15 4 2 30 8 1 5 25 5 8 3 219 12 1 3 73 6 8 2 286 2 6 , 128101.69599999988
6 299 6 4 2 311 3 7 3 177 16 7 2 142 20 7 1 229 9 7 4 184 12 3 1 138 20 8 , 173457.4292499991
5 276 18 1 1 176 18 8 6 218 16 6 2 181 11 7 4 255 10 7 6 298 5 6 5 16 17 1 , 293890.8212499994
3 23 13 8 2 162 9 5 4 273 19 6 1 219 1 4 1 43 6 1 2 88 6 1 3 78 2 6 , 119326.87524999988
4 130 19 7 2 279 12 8 3 84 15 2 3 67 10 5 4 261 12 4 6 176 19 5 4 165 14 4 , 209495.0039999999
4 306 17 6 3 29 12 5 4 304 8 5 6 106 7 6 1 166 12 2 2 103 12 1 1 78 7 5 , 161057.31250000047
2 104 11 4 4 76 5 7 5 187 9 2 4 107 9 7 3 277 2 1 2 87 12 3 4 107 19 2 , 150753.95524999948
1 88 19 8 3 83 15 5 2 37 11 6 3 270 2 7 4 112 20 7 4 202 8 8 1 282 6 3 , 177395.4537500001
2 20 10 1 4 256 13 2 6 260 10 1 4 128 5 2 4 107 16 8 5 315 20 4 3 136 14 7 , 202527.88849999954
6 231 10 8 4 165 9 2 4 267 20 5 3 120 8 5 2 115 18 1 2 119 11 6 3 99 13 3 , 193488.08349999986
2 291 16 8 2 203 18 5 2 181 12 2 3 254 1 8 6 46 2 6 3 256 11 5 2 45 5 8 , 143602.47225000022
4 194 4 7 6 48 5 5 5 256 14 2 1 44 20 8 4 199 18 2 5 41 19 1 5 160 10 2 , 201610.9330000001
1 29 13 1 3 225 17 1 1 18 7 1 5 56 19 1 2 52 14 2 3 272 20 6 4 164 19 3 , 283240.16274999885
1 40 3 2 1 294 18 3 1 36 8 8 2 305 9 8 4 23 7 1 1 52 9 2 6 135 7 8 , 134631.16925000018
1 51 15 8 1 144 9 3 1 83 3 3 5 244 11 5 2 113 19 8 2 265 13 4 1 296 13 7 , 189325.91499999975
1 192 13 2 5 74 1 4 2 314 16 6 6 244 9 1 3 145 14 8 6 130 18 1 2 18 5 8 , 168477.07824999935
6 99 12 2 5 250 5 6 5 177 7 5 2 309 18 1 2 246 8 5 1 32 5 6 5 95 7 6 , 139262.94925000018
5 95 8 1 6 234 15 7 1 91 18 8 2 300 14 5 5 252 2 1 1 28 6 3 3 174 6 1 , 161818.01350000023
5 197 10 1 3 33 12 4 3 301 20 3 1 127 18 3 6 200 8 3 1 224 8 1 1 135 15 1 , 248774.5870000003
1 245 16 1 2 311 3 1 2 64 2 1 2 95 6 1 5 298 19 3 5 131 19 6 3 282 3 4 , 181037.8617499996
5 103 12 8 4 115 7 6 6 131 10 6 1 231 12 6 4 316 15 3 2 114 2 3 2 294 17 4 , 172635.40850000017
5 249 2 7 1 192 10 1 3 57 7 4 4 108 16 6 4 277 18 5 5 315 6 6 1 78 8 3 , 156616.08349999995
4 192 11 7 6 226 14 3 3 99 16 6 5 153 2 7 1 36 14 3 1 134 18 6 3 246 20 3 , 228567.3670000003
2 266 7 8 1 268 14 6 4 99 2 3 2 134 9 8 1 21 10 4 1 120 11 5 6 26 12 5 , 163380.31949999963
1 289 14 5 2 52 5 3 5 166 8 3 4 47 4 4 5 22 11 7 3 122 11 5 4 82 17 7 , 165811.90699999995
6 305 15 6 3 230 11 3 6 287 20 8 5 17 10 5 6 306 14 4 6 264 15 1 1 272 19 2 , 265323.42100000096
5 213 8 6 1 318 8 4 1 194 12 7 2 222 18 1 4 306 14 2 5 76 9 3 5 170 4 5 , 181048.47274999935
5 114 16 5 2 39 2 4 4 218 11 3 3 38 5 5 5 266 12 1 4 70 10 3 4 83 15 8 , 121121.61799999955
4 182 6 7 4 241 4 5 4 56 10 3 1 47 15 1 3 40 16 3 4 118 20 5 3 218 1 8 , 127414.98324999992
3 193 10 1 5 249 11 3 3 32 17 5 3 77 12 4 1 181 9 2 2 106 9 8 5 49 6 4 , 149626.17574999965
3 183 16 6 5 84 1 6 4 225 11 2 5 87 15 5 2 230 14 2 4 122 14 5 2 39 13 5 , 149569.50000000017
6 71 3 7 4 309 18 7 6 165 12 2 4 97 10 6 6 264 5 2 1 94 7 7 4 54 16 7 , 126449.61349999989
5 278 4 4 4 268 10 8 3 173 10 3 5 212 18 7 5 75 3 7 2 105 17 6 2 53 2 1 , 113325.41774999989
6 109 16 1 4 148 1 4 5 101 17 3 4 150 6 6 1 281 14 5 2 275 9 7 2 233 17 6 , 167686.3692500004
3 257 12 3 5 64 6 5 5 33 5 3 5 127 16 1 1 183 14 3 1 311 11 1 2 130 1 6 , 119466.74699999999
1 268 9 1 4 235 16 5 3 174 2 4 6 277 6 1 4 227 20 5 6 205 17 8 2 76 5 7 , 146013.85424999992
3 21 3 5 2 232 7 6 4 245 7 6 6 255 14 7 3 289 17 4 2 145 17 2 1 115 2 7 , 127709.91200000024
4 251 14 1 1 130 17 7 4 21 7 3 3 114 4 2 4 108 10 7 5 128 5 5 4 202 12 7 , 175772.26000000036
5 135 4 7 6 222 9 1 6 148 7 3 3 200 2 6 2 144 3 7 6 260 18 7 2 106 16 1 , 117241.90874999962
1 23 14 2 6 22 13 7 1 203 19 3 4 262 7 4 1 20 9 1 6 118 2 5 5 61 14 2 , 153636.1830000003
3 139 10 6 5 195 14 3 1 87 10 3 3 126 7 2 6 249 2 1 4 208 2 1 4 76 2 2 , 94932.65024999998
2 301 9 4 5 17 18 1 4 249 14 1 5 251 6 4 5 216 14 3 5 191 6 4 2 284 6 4 , 145620.96249999997
2 296 7 2 4 16 10 5 4 156 19 8 3 17 18 4 2 115 3 4 5 257 20 4 3 292 1 8 , 156397.23224999994
2 254 13 3 6 193 10 7 6 265 16 4 2 257 5 5 2 111 16 3 6 123 17 4 1 40 18 2 , 180891.9142500004
3 123 8 8 6 24 13 8 1 262 3 1 3 187 17 3 6 200 5 2 3 170 14 8 4 252 12 7 , 141582.18399999983
4 139 18 7 4 140 15 4 5 315 18 2 1 286 20 8 5 247 16 1 5 97 16 8 2 189 14 7 , 228856.95574999938
4 67 4 8 4 159 16 6 4 213 9 6 4 303 13 2 1 149 11 7 4 233 3 3 1 17 6 7 , 131102.06924999983
5 28 2 3 5 16 1 5 5 154 8 4 3 250 18 3 6 152 16 3 1 127 19 4 2 234 8 8 , 145895.95750000022
4 239 10 8 5 320 15 2 1 204 10 1 2 86 14 1 1 67 2 3 3 162 10 8 5 206 17 4 , 154583.977
5 145 7 6 5 228 1 8 4 153 19 4 1 58 6 5 2 294 5 8 6 288 3 1 6 268 3 2 , 93949.36899999982
4 218 11 7 6 60 15 4 2 30 8 1 5 25 5 8 3 219 12 1 3 73 6 8 2 286 2 6 , 126134.07450000025
6 299 6 4 2 311 3 7 3 177 16 7 2 142 20 7 1 229 9 7 4 184 12 3 1 138 20 8 , 177181.55949999992
5 276 18 1 1 176 18 8 6 218 16 6 2 181 11 7 4 255 10 7 6 298 5 6 5 16 17 1 , 296331.15375
3 23 13 8 2 162 9 5 4 273 19 6 1 219 1 4 1 43 6 1 2 88 6 1 3 78 2 6 , 120320.41300000055
4 130 19 7 2 279 12 8 3 84 15 2 3 67 10 5 4 261 12 4 6 176 19 5 4 165 14 4 , 208043.8735000004
4 306 17 6 3 29 12 5 4 304 8 5 6 106 7 6 1 166 12 2 2 103 12 1 1 78 7 5 , 162637.48724999983
2 104 11 4 4 76 5 7 5 187 9 2 4 107 9 7 3 277 2 1 2 87 12 3 4 107 19 2 , 149944.1182500003
1 88 19 8 3 83 15 5 2 37 11 6 3 270 2 7 4 112 20 7 4 202 8 8 1 282 6 3 , 176122.14100000012
2 20 10 1 4 256 13 2 6 260 10 1 4 128 5 2 4 107 16 8 5 315 20 4 3 136 14 7 , 203277.34849999956
6 231 10 8 4 165 9 2 4 267 20 5 3 120 8 5 2 115 18 1 2 119 11 6 3 99 13 3 , 194375.97349999993
2 291 16 8 2 203 18 5 2 181 12 2 3 254 1 8 6 46 2 6 3 256 11 5 2 45 5 8 , 143043.61450000055
4 194 4 7 6 48 5 5 5 256 14 2 1 44 20 8 4 199 18 2 5 41 19 1 5 160 10 2 , 198088.3002499996
1 29 13 1 3 225 17 1 1 18 7 1 5 56 19 1 2 52 14 2 3 272 20 6 4 164 19 3 , 288153.4270000005
1 40 3 2 1 294 18 3 1 36 8 8 2 305 9 8 4 23 7 1 1 52 9 2 6 135 7 8 , 135322.52550000016
1 51 15 8 1 144 9 3 1 83 3 3 5 244 11 5 2 113 19 8 2 265 13 4 1 296 13 7 , 188475.57774999912
1 192 13 2 5 74 1 4 2 314 16 6 6 244 9 1 3 145 14 8 6 130 18 1 2 18 5 8 , 165589.97374999983
6 99 12 2 5 250 5 6 5 177 7 5 2 309 18 1 2 246 8 5 1 32 5 6 5 95 7 6 , 141354.1957500003
5 95 8 1 6 234 15 7 1 91 18 8 2 300 14 5 5 252 2 1 1 28 6 3 3 174 6 1 , 163072.33650000053
5 197 10 1 3 33 12 4 3 301 20 3 1 127 18 3 6 200 8 3 1 224 8 1 1 135 15 1 , 245703.76800000103
1 245 16 1 2 311 3 1 2 64 2 1 2 95 6 1 5 298 19 3 5 131 19 6 3 282 3 4 , 184198.69899999996
5 103 12 8 4 115 7 6 6 131 10 6 1 231 12 6 4 316 15 3 2 114 2 3 2 294 17 4 , 176897.38400000022
5 249 2 7 1 192 10 1 3 57 7 4 4 108 16 6 4 277 18 5 5 315 6 6 1 78 8 3 , 152637.1632500002
4 192 11 7 6 226 14 3 3 99 16 6 5 153 2 7 1 36 14 3 1 134 18 6 3 246 20 3 , 228767.59100000004
2 266 7 8 1 268 14 6 4 99 2 3 2 134 9 8 1 21 10 4 1 120 11 5 6 26 12 5 , 160288.06400000074
1 289 14 5 2 52 5 3 5 166 8 3 4 47 4 4 5 22 11 7 3 122 11 5 4 82 17 7 , 172581.2497499996
6 305 15 6 3 230 11 3 6 287 20 8 5 17 10 5 6 306 14 4 6 264 15 1 1 272 19 2 , 271797.51549999963
5 213 8 6 1 318 8 4 1 194 12 7 2 222 18 1 4 306 14 2 5 76 9 3 5 170 4 5 , 181173.4317500005
5 114 16 5 2 39 2 4 4 218 11 3 3 38 5 5 5 266 12 1 4 70 10 3 4 83 15 8 , 122746.10650000002
