6 183 18 2 3 289 6 6 4 141 16 4 3 77 18 4 6 286 2 7 6 29 4 1 6 133 14 5 , 156937.72199999978
5 53 20 2 3 47 7 3 5 203 4 3 3 21 5 8 6 95 20 2 6 264 13 3 6 74 6 7 , 143501.6337499998
3 243 12 2 4 129 8 4 1 307 14 1 3 84 7 6 1 312 14 5 3 226 15 2 4 108 15 5 , 160842.2945000006
2 172 8 3 1 127 15 6 4 234 15 6 5 162 9 3 5 214 13 6 1 135 8 5 6 228 4 6 , 132120.86249999978
1 125 9 1 4 114 16 2 2 37 3 4 6 103 6 2 1 148 13 3 1 40 16 7 6 251 11 1 , 142411.76800000033
6 307 15 7 3 309 9 8 4 157 2 3 5 132 17 1 3 40 12 6 5 61 11 2 2 182 12 8 , 152524.9942499996
5 161 6 2 3 200 7 4 6 92 18 4 6 69 9 1 6 28 7 1 5 240 8 2 1 292 7 5 , 120329.12374999965
1 97 1 3 1 216 3 8 2 221 12 6 5 29 15 6 1 89 6 5 1 20 4 1 1 30 6 4 , 94829.63599999997
5 92 18 1 4 79 8 3 2 50 17 2 6 251 7 7 5 229 16 5 1 310 2 7 6 249 4 6 , 170241.5082500002
3 252 13 1 6 144 12 5 6 233 1 1 5 94 16 2 6 161 2 2 4 112 16 2 2 320 1 6 , 204453.25975000026
2 51 1 4 3 86 8 5 1 44 18 5 5 244 18 7 2 130 8 3 6 96 11 5 5 33 15 8 , 163319.0255000001
2 127 17 4 3 282 1 7 2 270 6 2 2 158 17 8 2 173 20 8 3 312 9 3 3 184 14 6 , 166672.66900000034
1 282 15 4 2 185 12 5 3 98 10 8 6 43 12 7 6 111 18 4 6 254 18 8 4 20 6 3 , 187969.61249999978
5 297 9 3 5 318 1 3 3 66 1 6 3 66 16 8 4 115 13 3 3 204 5 1 5 62 20 4 , 142073.21350000022
4 30 10 2 3 67 7 3 3 182 15 2 1 272 7 1 4 34 4 7 3 69 13 2 3 148 12 8 , 138401.4345000002
6 99 16 2 4 297 6 4 6 177 6 8 1 90 5 6 4 109 17 1 1 60 16 3 5 134 13 4 , 169121.46650000016
6 33 13 2 2 246 5 1 3 304 1 7 3 298 7 3 1 128 4 7 3 103 14 8 6 205 2 6 , 98770.56749999998
5 200 3 8 4 166 13 3 4 35 20 2 3 177 19 3 3 300 14 6 1 178 8 6 3 89 11 5 , 234998.93324999997
2 157 13 4 2 172 14 6 6 163 8 4 4 76 15 8 3 133 11 5 3 305 1 3 6 290 18 6 , 179484.01124999975
1 288 16 3 2 119 4 3 5 37 5 5 3 294 16 6 1 30 16 2 5 37 12 8 6 314 5 8 , 161521.4724999994
1 283 12 5 2 320 10 1 3 33 13 1 3 235 20 6 2 46 15 5 1 117 9 4 2 115 17 7 , 177500.2020000001
1 319 20 1 1 297 7 3 3 273 12 1 2 61 1 4 5 305 10 7 2 100 7 2 2 174 5 5 , 194528.61825000012
6 289 18 4 1 298 1 5 2 31 11 4 5 221 12 6 4 16 11 4 2 178 18 7 2 214 14 2 , 155105.12900000022
1 256 20 3 5 160 19 2 5 276 4 5 5 290 19 5 2 129 20 8 3 148 8 6 4 127 17 4 , 201935.1839999995
4 236 4 2 5 44 13 5 1 38 3 4 4 193 19 1 2 290 19 3 1 105 4 2 3 213 15 1 , 146457.7024999997
2 157 15 3 6 121 5 4 6 252 8 4 3 127 2 3 2 204 10 6 4 238 13 2 4 171 12 1 , 165278.3640000003
6 231 13 5 6 299 11 6 2 274 5 2 3 189 15 1 5 151 9 1 4 104 12 2 6 201 14 6 , 154947.8339999998
3 134 7 4 1 189 13 6 2 268 6 3 6 52 7 3 6 198 12 3 4 42 1 2 3 172 8 4 , 107463.00124999999
1 111 17 1 3 312 17 8 4 61 7 7 6 292 15 3 6 236 13 4 1 107 9 6 6 93 5 4 , 180426.87874999945
2 135 11 5 1 88 6 5 6 205 1 6 3 214 6 3 6 256 19 8 4 146 14 6 1 88 12 6 , 156638.11025000032
3 285 18 3 4 219 15 8 3 242 12 7 2 24 17 2 3 270 10 7 1 254 18 2 3 87 13 7 , 206521.1037500001
2 202 10 5 2 284 14 1 4 313 8 8 4 117 3 8 2 238 5 4 4 32 8 2 6 276 19 8 , 141820.63525000034
1 182 15 6 5 92 5 7 1 229 14 6 6 81 16 3 6 256 9 2 2 107 13 1 1 125 20 2 , 181543.44400000066
5 279 7 3 5 287 20 5 5 16 10 3 6 117 12 7 2 305 12 8 2 256 17 8 5 86 7 6 , 179314.39899999986
2 229 16 2 4 272 10 6 2 299 19 6 1 74 7 4 2 223 8 4 1 169 13 7 1 255 10 1 , 181870.9772499995
4 255 5 6 4 262 7 5 3 171 8 6 2 54 7 1 2 294 20 1 6 81 1 5 6 29 7 6 , 134264.7662499999
4 27 5 2 4 146 9 3 4 208 2 4 4 86 6 3 4 107 14 4 5 215 6 7 3 98 12 5 , 121028.53250000028
5 53 12 3 5 160 8 3 2 19 12 4 1 105 17 5 6 226 15 7 3 72 5 8 5 154 3 8 , 160277.0814999997
3 148 16 1 5 74 6 2 5 202 11 2 4 42 2 7 1 123 19 7 5 232 1 3 2 269 11 5 , 182754.7977499997
3 116 8 2 2 37 14 1 1 192 5 2 6 68 8 6 6 225 11 7 1 188 1 8 6 275 19 4 , 149275.6492499999
5 305 7 4 1 225 5 3 5 220 10 4 6 127 10 8 3 302 7 2 3 236 10 2 4 154 11 3 , 104992.35325000006
4 145 9 8 4 311 18 2 6 45 1 8 2 85 18 2 6 108 3 8 1 315 5 7 6 170 16 8 , 136091.66625000007
1 153 14 1 3 286 5 8 3 263 2 6 3 220 16 8 6 42 2 2 1 138 7 8 5 95 2 6 , 101516.9220000001
6 151 6 5 5 96 18 8 5 66 11 8 6 167 18 2 1 43 18 4 5 175 12 1 5 130 9 7 , 174947.82075000025
1 275 13 7 6 161 17 8 1 268 17 7 4 55 6 1 2 189 2 6 1 196 3 4 5 275 13 3 , 144011.27875000023
2 161 20 1 3 74 6 1 4 237 5 5 2 158 17 7 2 170 7 1 1 194 20 8 1 183 11 1 , 246564.56474999964
4 153 9 4 4 308 8 8 6 203 11 6 6 291 8 7 1 66 19 3 5 230 8 3 4 110 1 4 , 118468.94625000039
5 177 6 6 6 148 9 1 4 106 16 1 3 57 14 7 1 53 7 5 6 298 4 8 4 308 16 5 , 145447.96375000017
4 117 2 8 2 255 9 5 5 169 17 6 5 101 3 7 1 142 19 2 5 210 3 7 4 212 7 2 , 117527.22074999956
6 208 17 2 3 60 7 7 3 177 7 8 2 86 10 7 4 30 5 5 5 216 7 7 5 118 2 3 , 120516.01025000015
6 317 4 5 6 189 19 6 1 100 6 5 4 290 11 6 2 194 16 7 2 94 18 7 5 104 16 5 , 175907.3104999999
3 255 11 8 3 100 2 1 3 241 5 8 1 55 12 4 2 171 20 2 4 272 18 3 5 213 17 3 , 175391.59400000024
5 70 14 6 6 167 7 5 4 207 15 2 4 199 19 8 3 301 19 5 3 97 16 3 3 66 20 7 , 235288.98775000006
6 306 5 1 6 319 3 3 3 142 5 7 3 93 8 5 5 173 5 2 5 30 17 6 2 85 11 8 , 186951.01299999998
5 256 7 6 2 261 20 1 5 43 6 1 4 213 7 4 5 278 18 3 5 149 1 5 6 317 12 1 , 147789.54449999964
2 234 9 1 4 34 17 7 4 204 4 1 6 209 15 8 3 190 7 4 2 283 11 7 3 155 5 8 , 165323.5172500005
5 233 18 2 2 283 17 5 4 82 14 4 4 169 3 1 4 185 14 5 2 158 20 5 5 139 19 7 , 232069.21974999964
1 23 4 7 6 89 8 6 6 168 13 3 2 257 4 1 2 25 18 5 1 64 6 2 6 65 9 5 , 130244.36124999974
5 307 3 7 5 249 3 7 4 224 9 7 6 250 18 4 1 134 17 1 4 80 16 7 2 38 10 2 , 183431.7940000005
4 285 1 6 1 36 11 6 5 283 19 6 5 271 18 7 3 29 10 6 6 47 11 8 5 153 19 3 , 203817.705249999
5 153 1 5 1 290 9 4 2 255 5 6 1 232 11 2 1 82 12 7 1 202 16 4 4 28 18 4 , 130832.45000000001
2 303 3 3 6 34 10 4 2 83 19 7 1 216 7 2 4 83 5 4 5 153 16 5 1 260 12 4 , 129770.33075000033
2 288 10 1 1 233 5 1 2 69 12 5 1 258 14 4 2 308 18 6 4 301 7 6 4 48 9 2 , 169888.95625000005
6 37 20 4 6 37 2 8 2 31 19 7 1 73 1 2 6 30 15 5 2 309 15 1 4 84 15 7 , 164105.9727500004
6 266 16 6 2 189 17 8 4 303 11 1 5 263 8 8 5 79 15 4 5 307 3 1 3 104 1 5 , 134485.59350000008
4 119 9 7 5 262 12 6 1 265 19 5 4 278 20 1 5 185 8 7 5 114 1 2 5 72 5 4 , 145309.13325000045
3 90 5 8 2 127 14 5 3 249 13 1 2 287 20 7 6 134 5 7 5 202 15 1 6 49 10 1 , 160166.95649999997
3 274 16 7 5 100 15 6 6 183 18 2 6 279 13 1 1 131 11 6 2 115 4 4 1 85 12 8 , 185949.2790000004
3 23 13 1 3 132 17 6 6 252 17 7 5 72 3 8 1 234 20 2 5 214 4 7 2 199 8 2 , 178402.28225000013
4 299 2 4 4 206 6 6 4 270 14 7 1 68 14 6 1 245 2 2 1 108 6 3 4 284 20 3 , 141735.34250000006
4 311 18 5 6 306 16 8 1 197 1 8 6 304 6 6 1 311 5 3 5 317 18 3 6 136 15 1 , 159685.6227500007
6 82 12 7 6 317 7 8 1 88 18 5 3 185 7 7 2 220 5 8 5 178 12 5 1 54 16 4 , 170062.65299999958
4 160 9 8 4 128 17 3 3 320 16 1 6 66 9 5 5 81 4 2 4 63 2 3 4 301 15 1 , 149794.26850000006
3 217 18 5 4 233 7 8 6 145 17 7 5 84 13 4 1 48 8 6 1 107 2 6 3 214 10 5 , 165546.54625000054
4 220 9 8 1 51 14 5 3 177 9 6 6 27 8 1 1 57 17 1 3 290 5 6 1 54 4 2 , 151988.64175000024
5 296 20 1 2 59 8 6 1 192 7 1 4 280 3 5 2 160 6 3 2 219 10 8 5 19 15 6 , 328798.28475000017
6 98 8 4 5 278 7 6 1 42 16 8 6 163 1 2 5 83 4 5 5 76 19 2 1 75 16 5 , 160670.43949999957
6 198 16 4 1 247 13 3 2 249 4 4 3 170 6 1 2 48 4 7 2 215 3 5 5 94 20 5 , 217218.9424999999
6 172 9 4 1 157 18 4 2 163 1 2 3 155 6 7 6 302 11 6 2 126 4 1 6 278 1 5 , 116712.90724999981
1 319 7 3 6 230 6 4 6 236 11 1 4 261 20 1 5 112 1 8 5 163 16 6 4 217 8 1 , 169274.32674999998
5 114 6 6 4 144 4 8 3 21 15 3 1 275 14 4 5 50 18 2 3 192 3 5 1 314 11 4 , 138050.71299999958
3 80 1 8 2 173 12 5 3 192 19 1 2 42 10 7 5 233 20 3 5 61 1 3 6 213 19 8 , 145462.22325000065
4 138 6 5 3 97 17 7 1 128 19 1 4 69 17 4 4 41 7 1 1 61 13 7 5 132 13 7 , 182738.5284999995
4 133 11 7 5 262 19 7 6 306 19 3 4 205 11 5 4 315 12 6 5 146 5 1 3 93 5 1 , 154518.73074999987
2 95 13 3 2 105 6 5 1 202 3 3 3 184 11 2 6 105 11 4 2 82 4 7 4 147 8 5 , 114072.88024999977
5 132 18 4 4 74 7 8 5 92 19 6 1 88 6 8 6 176 12 3 3 155 12 1 4 134 11 4 , 172782.24500000072
3 56 10 7 5 300 2 6 3 63 1 6 5 248 1 4 6 85 2 7 4 47 13 2 1 233 15 4 , 100331.51774999996
2 80 17 7 5 133 1 1 6 163 19 6 3 156 5 5 6 203 6 2 5 49 13 2 1 162 11 5 , 142107.13175000035
4 283 19 5 6 304 2 1 2 206 8 8 3 293 12 5 6 76 10 4 5 265 4 6 4 168 2 7 , 116950.54874999999
2 214 12 6 6 89 14 6 3 99 18 2 2 246 3 7 1 44 10 6 4 139 10 3 4 167 9 5 , 156523.00599999994
3 19 7 3 3 131 7 3 5 258 14 5 4 125 19 5 6 31 1 6 6 306 7 2 2 262 10 4 , 133056.77900000013
6 77 1 2 4 238 12 2 2 241 15 7 6 138 19 4 4 161 4 6 4 287 7 2 4 291 17 4 , 156934.9112500008
3 314 13 2 1 121 15 6 2 79 10 8 3 120 13 8 5 277 5 2 2 313 2 7 2 37 20 5 , 163529.49250000063
3 150 16 6 3 61 12 7 2 33 13 1 6 57 2 2 5 57 1 1 6 228 10 1 5 85 7 6 , 131709.6652499999
4 277 13 7 3 36 3 5 6 101 12 3 4 19 15 1 5 45 19 1 1 261 13 8 1 311 7 2 , 174134.19524999926
6 272 7 5 2 197 3 8 1 49 1 1 1 42 11 6 6 276 7 4 4 254 10 4 1 201 19 2 , 121108.69900000075
5 71 6 7 3 220 10 1 3 70 13 6 1 194 9 8 3 224 13 8 4 57 11 6 5 144 3 1 , 132365.02875000003
5 40 5 4 1 317 17 7 3 123 5 1 3 246 18 1 2 82 17 1 6 183 19 7 2 67 3 5 , 174524.0782500003
6 45 14 7 4 46 16 3 3 233 17 1 4 156 4 8 1 292 3 5 6 275 6 8 2 223 15 1 , 165408.6982500004
1 242 16 3 6 24 19 7 6 234 15 1 2 83 3 8 3 240 15 3 3 256 8 4 1 196 4 3 , 178374.09425000005
1 80 20 4 6 200 18 5 6 311 19 2 4 182 7 2 1 220 16 7 5 215 5 4 4 28 14 5 , 180711.79000000062
4 274 9 4 6 308 8 1 4 140 11 8 1 162 7 8 2 248 8 5 1 95 19 2 2 114 13 3 , 143313.28725000005
3 129 6 4 2 286 8 6 1 264 19 8 1 74 3 6 3 163 11 3 2 168 13 1 6 307 19 2 , 150037.4452500004
3 269 13 5 1 261 14 8 1 30 5 6 1 230 20 8 4 268 7 2 2 62 19 6 3 219 3 4 , 148035.68799999935
4 30 1 3 1 206 18 5 1 64 16 5 6 60 6 1 6 129 17 5 1 280 18 4 5 180 15 5 , 172053.92625000048
2 235 15 1 1 53 20 7 2 170 4 7 2 98 2 2 1 58 5 3 3 128 3 1 6 213 9 3 , 140365.76799999978
5 253 2 3 5 188 17 1 1 58 19 5 3 21 5 8 1 265 5 1 1 117 13 1 5 234 13 5 , 148460.63075000013
4 21 9 3 2 204 7 2 6 60 7 6 6 97 13 4 4 289 11 2 3 267 2 3 2 122 15 5 , 126061.38874999969
1 276 12 6 5 288 9 2 1 201 19 4 2 213 16 1 4 295 16 2 5 52 1 6 4 261 3 6 , 150425.1202500001
4 222 5 8 5 240 17 8 1 31 15 6 1 318 7 7 5 241 19 7 2 110 13 1 6 274 13 1 , 175042.85600000073
3 145 18 1 3 253 17 5 1 16 20 5 3 186 9 4 3 74 19 3 4 97 3 8 1 246 2 8 , 197177.3567499997
3 149 7 5 1 122 10 8 5 178 6 2 1 154 19 4 1 130 14 6 3 273 16 1 3 198 6 7 , 155030.29925000033
6 224 10 5 1 271 6 7 2 21 10 1 5 307 16 7 4 155 18 2 3 109 1 2 4 20 9 8 , 148836.0422500004
4 252 18 3 2 320 9 3 3 66 20 7 2 92 14 7 4 213 6 8 6 199 3 8 6 195 14 2 , 183715.77299999932
6 102 2 4 4 110 14 2 2 58 1 4 4 222 9 7 2 319 17 5 6 138 10 3 5 195 4 2 , 122982.41825000024
6 163 1 1 3 290 19 1 3 93 19 5 3 162 10 5 1 214 4 5 1 207 18 2 1 191 18 5 , 327972.4177499992
6 234 11 7 3 268 11 7 6 103 14 4 4 234 8 8 3 181 7 4 2 300 14 6 1 212 17 8 , 177162.33974999978
3 23 17 2 2 286 14 1 1 69 2 2 3 275 2 4 5 56 9 3 3 139 18 7 3 84 3 7 , 150330.32599999988
2 70 8 5 5 107 8 5 2 106 20 1 1 122 1 7 2 185 19 7 5 78 3 8 1 234 4 7 , 145512.6180000003
1 226 10 7 3 143 19 3 1 20 4 5 3 72 15 4 4 86 12 5 6 159 17 2 5 255 8 4 , 183223.9559999996
3 278 13 7 6 66 5 1 6 214 1 2 4 171 16 6 6 145 12 2 2 122 7 1 4 269 13 4 , 118137.45775000019
4 184 14 8 3 317 3 6 5 190 5 4 6 113 6 1 4 107 15 1 5 300 14 2 1 236 10 7 , 139569.1995000001
4 119 18 8 4 40 6 5 5 93 2 7 4 181 1 7 2 255 16 1 4 141 9 3 4 252 15 1 , 123087.21125000025
4 282 14 2 6 122 16 7 3 93 12 1 4 158 5 7 3 288 4 7 5 303 14 8 3 125 20 6 , 170607.75925000032
5 300 17 6 6 98 11 6 5 303 20 6 1 84 5 8 2 319 5 8 3 198 3 6 4 196 14 3 , 136902.10300000032
6 54 11 6 6 295 6 5 3 152 1 2 2 264 4 6 6 265 3 4 4 94 14 1 2 285 7 7 , 89099.67475000006
3 294 12 5 6 145 10 8 3 57 6 8 3 49 18 6 3 296 2 3 6 280 15 1 3 113 17 3 , 153447.54199999972
5 157 5 3 5 169 6 8 5 158 12 3 3 237 12 7 6 156 13 3 4 291 8 4 5 268 8 2 , 129657.76224999997
5 242 5 1 3 116 11 6 3 49 12 8 2 171 5 7 2 180 12 1 5 175 12 7 3 86 14 3 , 147738.32399999994
3 281 13 4 5 117 12 8 4 258 20 3 2 116 16 8 1 289 19 5 2 272 3 2 5 64 4 4 , 182782.63549999968
6 117 5 2 1 181 2 3 4 221 15 7 2 296 1 4 1 283 11 7 6 264 3 5 2 277 17 2 , 118015.58274999956
4 120 6 4 4 277 17 1 3 196 19 3 3 19 11 3 3 215 15 8 2 242 10 4 5 92 15 7 , 239330.99675000034
5 141 16 2 1 312 5 7 5 245 13 6 5 232 5 2 1 163 8 3 3 142 15 8 2 221 3 2 , 131600.14899999998
2 135 15 5 4 218 17 4 5 120 20 6 4 166 5 7 6 235 9 6 5 303 14 3 1 313 15 4 , 206019.0692500002
6 247 16 5 4 58 19 2 4 235 2 2 4 78 14 6 4 68 11 7 6 262 11 4 2 162 13 3 , 171528.39199999993
6 211 17 1 4 313 16 7 1 106 11 4 2 304 18 5 6 289 10 6 4 127 8 2 5 129 14 5 , 311771.4599999997
2 127 17 3 2 56 8 4 3 247 16 5 6 99 9 5 1 182 1 5 6 95 14 5 1 103 8 3 , 162059.19450000007
3 245 20 4 6 121 19 3 6 116 13 1 1 86 15 8 2 300 7 8 2 73 15 6 2 118 6 1 , 215208.4862499999
4 45 11 4 2 119 2 7 5 105 4 2 6 228 10 3 2 18 11 5 2 245 7 3 2 87 20 6 , 141411.23675000016
3 198 14 8 4 272 14 5 3 302 7 3 5 129 17 6 2 194 19 6 1 261 2 5 5 32 16 4 , 208150.04349999977
2 203 18 1 6 320 11 6 5 295 9 1 5 196 9 5 6 114 14 2 5 104 1 4 4 186 1 6 , 175381.91999999984
6 290 18 5 5 214 18 8 5 158 5 7 6 70 5 3 5 155 8 8 5 115 16 7 2 85 3 5 , 149790.91474999982
1 104 17 5 2 211 8 4 2 205 7 2 3 17 6 7 2 44 14 3 1 122 7 5 4 171 4 2 , 118193.13199999994
2 55 7 8 3 203 8 5 3 85 4 1 6 264 12 3 2 249 10 4 3 274 11 3 4 237 15 6 , 133595.79049999896
4 76 2 8 4 80 1 2 2 276 19 4 6 259 19 5 2 38 8 5 4 260 5 6 3 136 11 8 , 127772.40549999996
5 233 6 1 1 253 4 1 6 172 10 6 6 285 9 2 2 220 1 1 1 201 4 3 6 88 8 5 , 130716.7557499999
3 42 8 2 3 239 7 8 2 237 10 1 2 284 16 8 2 310 11 5 2 207 11 6 6 241 5 4 , 144049.1942499997
5 31 5 8 5 156 20 3 4 112 2 6 2 319 4 2 5 148 6 1 5 187 13 1 1 280 8 4 , 110607.04549999982
4 231 7 5 1 176 6 8 5 233 15 6 6 149 8 4 4 314 8 1 6 81 10 1 5 152 16 2 , 143431.92300000007
4 182 3 8 2 319 5 5 2 57 17 6 6 125 3 4 5 215 14 2 1 199 15 3 6 226 10 1 , 135189.6984999997
4 49 3 2 3 48 12 7 4 219 17 6 1 310 2 8 1 166 7 8 1 199 20 5 2 84 6 8 , 129979.95949999968
4 289 5 4 6 138 18 7 3 19 17 2 4 211 20 8 2 239 9 8 3 239 13 6 3 115 6 4 , 175030.67599999977
4 26 10 2 2 311 2 7 2 280 7 5 5 162 6 2 3 137 9 4 6 94 5 1 1 315 8 3 , 94773.54625000006
2 94 15 1 1 112 16 8 2 280 8 1 6 226 8 5 3 139 4 8 2 124 19 4 5 42 2 2 , 147788.4927500002
5 156 20 4 4 52 20 2 1 165 13 7 1 273 20 8 5 260 6 3 6 64 11 8 2 302 18 6 , 221215.27675000048
2 146 18 4 6 50 15 7 4 222 17 2 4 21 1 5 1 155 2 7 3 132 19 6 6 243 12 8 , 176366.06199999922
4 260 16 3 5 306 20 3 1 228 14 2 4 244 19 6 4 305 1 5 6 37 13 7 4 301 18 5 , 217374.3405000011
3 319 13 7 1 51 1 5 4 145 18 2 5 204 10 1 1 291 13 2 5 19 4 8 3 39 4 8 , 132952.55500000008
5 105 3 7 2 22 6 8 4 144 20 7 1 106 4 1 3 210 9 3 2 25 20 1 2 191 10 8 , 152808.99924999994
4 95 5 3 6 34 13 7 2 82 12 3 2 29 18 8 2 205 11 5 6 171 3 4 3 290 18 3 , 177827.4207500004
3 108 17 2 5 72 19 6 3 89 19 6 3 205 2 6 5 190 9 1 3 217 4 1 2 116 18 1 , 161377.97224999947
4 33 11 4 2 215 18 6 3 58 16 5 3 60 10 5 1 283 19 4 5 310 14 4 2 71 6 5 , 171631.00125000055
6 135 9 4 6 117 16 3 3 74 2 7 1 314 3 4 5 24 19 4 4 110 6 5 3 265 5 1 , 112293.11100000006
5 102 15 2 4 104 10 7 2 196 17 7 1 158 12 3 2 136 4 5 6 49 7 6 4 160 17 3 , 158958.3062500005
3 124 5 3 6 169 5 1 4 61 3 6 3 301 6 2 4 196 2 4 3 169 6 2 2 208 19 8 , 100927.64099999946
6 307 11 3 5 144 5 8 1 179 12 4 6 188 15 1 5 145 7 8 5 245 16 4 1 268 8 4 , 139322.20674999995
1 77 15 1 5 203 19 6 2 52 17 4 4 43 11 1 4 130 15 7 2 82 3 3 1 283 16 1 , 193151.02600000004
2 191 14 4 2 51 12 7 6 303 15 5 2 90 18 7 4 201 2 1 6 260 4 6 1 215 14 7 , 147999.34725000017
5 285 6 6 4 158 20 5 1 132 15 4 3 312 19 6 2 77 15 5 1 93 14 7 3 68 12 8 , 193642.29850000003
4 223 2 1 6 53 3 6 5 103 7 3 2 51 15 7 4 92 20 5 1 274 2 5 6 307 3 1 , 110825.41999999966
2 75 16 5 3 51 9 8 1 36 4 5 6 33 8 1 3 27 11 2 4 72 14 5 4 173 13 6 , 154824.86250000083
3 304 14 2 1 87 3 1 1 129 8 1 3 120 6 3 2 264 2 2 5 253 8 2 6 24 3 3 , 110632.7927500001
5 242 9 6 3 149 4 1 5 221 13 4 2 62 17 2 3 56 19 6 6 253 14 8 1 230 15 7 , 189542.29224999965
6 95 13 4 6 47 11 6 2 215 4 4 1 129 6 7 3 237 3 4 1 305 2 5 5 266 13 2 , 133368.72450000042
6 20 2 6 4 220 19 8 3 292 16 3 3 249 8 2 1 160 16 1 6 73 15 8 3 73 20 3 , 201131.79375000024
4 315 5 4 1 199 5 3 4 142 12 2 2 160 20 3 3 249 4 3 5 53 17 4 1 313 1 3 , 132410.95574999985
3 230 13 4 2 128 3 3 1 93 7 2 1 20 10 8 6 219 5 2 5 318 11 6 6 84 8 1 , 125736.03824999974
5 173 20 6 2 25 9 5 5 296 20 8 2 152 6 7 6 112 9 1 3 88 14 1 3 240 10 5 , 198581.5964999993
6 203 2 7 3 108 2 8 5 113 3 4 6 235 1 5 4 54 14 2 2 34 19 7 6 137 5 2 , 98104.95300000001
1 274 6 3 3 66 20 7 2 313 3 5 5 230 20 4 2 117 11 3 4 298 10 2 2 150 6 5 , 166170.80925
6 280 20 1 4 139 9 8 1 317 5 5 3 75 4 2 3 223 19 5 2 94 2 8 1 214 5 4 , 405742.5472500001
4 40 7 2 5 298 1 1 5 121 19 4 4 78 13 4 6 160 19 7 4 29 12 8 3 54 1 4 , 135668.94149999952
3 273 4 5 5 298 4 7 6 138 12 5 6 58 4 1 3 125 19 4 4 191 3 6 4 154 5 2 , 100035.37549999979
1 228 17 2 5 188 17 7 3 285 1 5 2 317 16 6 6 54 12 3 2 18 4 1 5 193 6 6 , 138240.79850000012
2 23 7 4 5 201 2 1 1 153 8 4 3 81 18 6 6 165 15 1 6 167 13 4 2 173 17 1 , 154724.91675000006
6 294 19 1 3 75 3 5 2 218 9 1 2 82 6 2 3 90 1 3 4 97 14 4 2 87 10 4 , 342384.3217499999
4 109 11 1 3 53 1 7 2 59 5 1 2 104 19 8 2 157 5 2 6 235 13 7 1 319 19 6 , 145397.94399999996
3 293 11 6 6 50 10 5 6 230 8 2 5 52 9 6 2 272 15 3 1 180 7 4 5 75 2 1 , 118457.8505
1 294 8 3 4 106 18 8 6 270 12 7 6 292 8 7 2 295 4 6 1 28 14 6 4 58 6 5 , 142006.99775
6 290 6 6 4 238 9 4 1 159 17 8 1 117 20 8 3 117 4 3 3 250 3 8 4 118 7 5 , 137380.32399999973
2 183 10 3 4 263 8 1 4 78 9 5 5 142 9 4 5 247 3 7 6 111 17 8 6 265 5 4 , 123610.08799999987
3 221 4 7 2 74 7 4 5 81 15 4 5 151 11 2 1 276 2 2 5 302 11 6 3 67 19 5 , 138976.8552500004
5 239 12 6 4 167 7 6 6 22 14 5 3 53 1 1 6 35 3 7 3 239 12 6 3 54 17 7 , 145585.4497500007
4 61 9 6 1 253 14 6 5 281 6 5 1 35 4 7 2 45 4 6 1 104 15 3 1 61 16 7 , 140782.82475000026
5 34 12 6 4 34 2 4 5 115 14 3 6 105 10 8 3 63 1 6 3 276 12 1 4 255 3 1 , 124310.46150000044
5 170 9 8 4 161 7 1 6 100 10 5 2 102 1 7 5 77 13 1 2 50 5 3 4 231 6 4 , 114156.99199999985
3 117 18 1 2 260 1 6 1 137 15 8 4 55 6 7 2 275 4 1 1 34 16 5 6 96 3 2 , 146352.35174999962
2 178 17 5 1 170 17 6 6 195 12 1 5 132 16 5 6 145 20 1 4 28 7 6 5 220 1 6 , 199047.9459999997
4 191 7 1 1 168 6 5 1 122 10 2 2 125 2 3 5 240 18 5 5 82 18 5 6 250 2 7 , 149035.18199999962
4 34 8 1 5 149 4 3 6 97 14 1 4 164 18 4 5 90 14 3 3 310 12 6 5 123 17 1 , 200717.97700000036
6 133 1 2 4 213 3 6 1 55 16 5 3 60 5 4 2 89 15 2 4 254 15 2 4 297 19 1 , 134473.88300000015
1 16 16 6 1 247 18 3 3 24 1 6 2 219 15 1 4 125 6 4 2 113 15 7 3 267 7 2 , 149049.8202500002
3 260 5 2 4 274 5 5 5 149 11 2 4 130 17 1 1 312 17 3 1 173 19 8 5 290 11 2 , 151879.88750000056
6 87 5 1 1 143 19 6 3 97 7 5 1 41 17 2 1 317 19 5 1 69 17 8 1 184 11 1 , 181299.8335
5 153 20 3 3 303 3 6 6 93 19 1 2 203 9 8 2 74 10 8 2 283 2 8 3 282 4 6 , 132555.61599999963
4 160 15 1 4 208 10 7 6 53 20 7 3 72 5 6 4 192 15 4 4 184 16 5 1 70 5 5 , 209689.16174999907
3 35 14 3 2 229 11 6 1 312 12 2 3 181 12 4 6 144 7 1 1 305 17 4 5 101 5 3 , 153135.04324999993
5 38 3 5 2 265 16 4 3 53 4 3 6 251 11 2 2 74 11 4 2 139 4 1 3 37 13 4 , 120948.9579999999
4 220 2 6 1 218 8 8 5 197 15 6 5 282 7 7 5 71 9 6 6 248 5 4 5 99 17 5 , 123068.71300000016
2 112 13 1 5 196 8 2 5 223 17 7 5 34 3 6 6 189 14 7 2 209 10 3 2 277 13 1 , 188651.67975000016
1 158 13 8 3 19 20 8 5 294 15 3 2 185 9 1 2 219 8 2 6 223 1 4 6 30 16 2 , 165451.23625000016
2 308 12 4 3 136 12 1 5 37 16 2 2 107 14 3 5 122 1 5 3 136 3 2 1 134 2 2 , 123879.10225000008
2 263 3 4 2 259 13 7 2 184 19 2 2 191 9 1 1 149 9 7 6 84 6 6 4 281 10 5 , 140964.63575000042
2 27 14 7 6 260 19 8 3 69 6 5 5 296 7 7 6 90 16 1 2 122 4 1 6 157 20 7 , 184084.6449999995
1 281 20 3 2 89 1 1 4 67 19 8 1 154 12 2 6 57 20 1 2 115 11 4 6 210 19 2 , 218728.06924999878
6 291 14 1 5 71 16 4 4 239 14 7 5 284 5 2 5 302 16 5 3 231 7 7 2 93 16 5 , 341412.7294999998
4 191 9 1 4 188 2 1 3 27 1 3 2 285 19 3 3 273 7 8 1 23 16 5 6 242 16 5 , 171691.4380000002
4 60 4 5 1 259 16 8 4 260 19 2 6 165 14 5 6 206 8 3 6 247 18 2 3 120 13 1 , 211211.966
2 46 14 7 4 32 2 6 6 264 9 1 5 185 1 2 3 215 2 8 1 58 15 4 6 206 12 8 , 121296.52425000007
3 88 6 5 3 308 20 4 4 149 9 6 6 169 14 3 1 307 20 4 6 191 3 1 3 32 11 1 , 184198.2932499999
3 158 4 1 3 55 1 4 3 216 8 7 4 258 4 4 4 51 8 6 2 194 1 7 4 104 15 1 , 78468.67550000017
2 252 12 2 4 123 18 2 3 194 13 1 6 272 16 5 1 251 9 5 6 55 7 8 4 65 17 5 , 169617.42349999986
3 265 19 1 1 101 12 4 3 293 19 8 3 23 11 8 5 161 12 3 6 102 1 4 1 168 4 4 , 268803.9340000006
6 231 19 3 1 159 19 1 2 302 20 2 4 32 7 8 3 84 4 2 4 23 9 1 4 254 8 7 , 162281.625
6 166 8 7 6 40 2 2 6 127 3 2 3 243 20 2 5 153 20 5 1 22 11 1 3 187 3 7 , 125007.16300000013
2 41 20 6 1 80 17 5 3 221 6 3 4 251 12 5 6 249 14 6 4 153 13 6 4 167 3 2 , 179298.55975000066
6 112 13 6 5 186 10 4 5 278 2 1 3 30 7 7 4 145 16 7 2 293 11 1 2 74 14 6 , 143848.93500000014
6 280 2 4 5 135 18 1 2 129 16 1 1 113 17 5 6 285 19 1 3 98 19 5 1 151 1 5 , 177369.85975000006
4 243 3 2 4 147 3 6 2 232 8 3 5 115 18 8 5 86 2 5 6 17 1 5 5 159 7 2 , 85068.24424999995
4 171 7 5 2 221 16 4 5 214 19 2 2 144 14 2 3 44 8 5 5 130 19 5 3 279 10 1 , 185144.16499999998
2 122 5 6 4 18 7 2 4 143 9 3 4 173 2 4 1 108 12 6 6 292 18 1 2 223 14 6 , 145799.58150000026
6 260 6 6 2 141 11 2 5 182 10 4 5 61 8 2 5 138 15 4 2 168 13 3 3 299 13 5 , 156324.00849999968
2 77 5 4 4 151 17 5 5 30 18 5 3 104 2 1 1 238 19 8 6 207 8 2 6 292 12 2 , 175690.4955000001
6 109 2 7 2 138 1 2 1 188 1 6 4 157 2 3 4 132 14 6 2 290 20 7 4 237 15 6 , 115584.40600000034
3 172 12 3 1 106 12 8 2 214 6 3 1 184 8 6 5 313 14 8 3 260 9 8 1 114 13 7 , 154870.51724999974
2 39 11 2 5 285 17 7 3 48 9 8 6 132 3 2 2 50 2 6 2 25 7 5 4 72 1 5 , 121360.14100000024
1 75 10 5 6 16 11 7 4 146 1 1 5 260 12 2 4 112 17 1 6 150 5 7 1 258 13 6 , 145856.54524999988
2 82 11 2 2 177 4 4 6 293 20 4 1 75 17 7 1 202 12 3 5 281 14 6 2 131 13 8 , 192058.55799999987
1 164 4 4 5 300 15 3 2 108 6 5 5 271 8 1 2 21 1 1 6 314 1 5 5 243 2 5 , 81996.47975000003
6 100 4 1 4 268 13 2 3 67 15 8 2 80 18 7 4 29 12 7 4 171 18 2 6 192 17 4 , 248316.9467500001
2 250 14 8 5 122 13 1 3 105 1 8 2 107 5 1 3 71 7 3 1 305 18 7 5 197 4 4 , 118647.47150000016
4 186 9 6 3 188 6 2 4 310 8 1 6 58 17 8 4 233 18 8 5 297 5 6 2 166 18 2 , 153500.08350000132
3 117 1 8 6 271 20 2 6 298 20 4 4 144 8 2 6 44 4 6 5 47 20 1 3 276 19 5 , 180472.33274999884
5 39 16 3 3 53 10 5 4 282 8 8 5 219 1 4 1 115 14 6 1 243 5 7 5 278 5 8 , 119319.09900000002
2 260 16 3 3 317 12 3 2 28 12 3 1 250 13 8 1 122 2 6 3 127 13 7 1 180 18 5 , 166159.08674999958
3 134 5 2 4 46 15 1 3 227 14 3 1 30 11 8 5 97 12 2 6 180 8 6 4 21 17 2 , 157716.99249999988
1 179 12 8 4 39 15 6 5 212 6 6 5 305 11 5 2 53 9 8 3 115 13 3 5 76 13 8 , 157971.09000000032
1 191 15 8 4 286 2 3 2 210 10 7 4 48 3 5 1 227 18 7 2 63 5 5 5 72 16 6 , 136904.41650000005
4 25 18 7 1 54 4 4 1 75 3 8 2 221 12 7 4 297 13 3 6 130 8 8 1 61 10 4 , 134414.10824999952
1 300 14 6 2 46 4 7 5 277 15 5 6 137 16 1 6 262 9 7 3 308 15 1 3 218 17 6 , 176037.3592500004
3 270 17 7 5 233 5 4 1 81 6 8 1 155 2 2 3 205 7 8 4 313 2 6 3 170 15 2 , 112720.52550000013
2 136 2 6 6 158 17 3 6 112 15 4 4 178 11 1 6 219 2 8 2 85 8 4 5 161 7 1 , 124152.7192499995
3 247 13 4 3 36 4 1 3 145 4 2 2 45 12 8 5 306 10 1 3 100 17 6 2 204 2 2 , 123531.76274999973
5 246 12 7 2 212 1 1 2 145 15 7 1 106 13 8 5 46 11 1 3 190 1 2 3 314 5 8 , 122820.56800000009
3 25 10 6 5 244 11 8 4 78 16 8 1 98 8 5 2 93 15 2 4 203 13 1 1 162 12 4 , 172315.57
3 78 11 4 3 48 13 8 3 200 12 5 2 134 14 3 2 33 20 7 1 53 3 4 1 62 4 8 , 163389.94549999974
4 70 2 8 5 310 19 1 1 306 8 6 4 243 10 5 6 255 1 7 2 191 1 5 5 255 18 8 , 126743.14475000014
6 131 20 8 6 186 16 2 1 313 5 3 1 234 18 2 4 168 5 7 1 227 18 7 4 99 4 4 , 180197.72574999995
3 221 12 1 2 280 9 6 5 190 6 6 5 29 9 4 3 118 1 2 3 234 17 1 6 199 16 4 , 171104.53124999945
4 314 16 4 6 23 17 7 4 177 11 6 3 170 5 8 1 162 15 4 5 259 6 1 2 20 12 1 , 186709.30950000015
1 131 4 5 1 251 5 5 2 157 19 5 5 197 14 6 6 202 16 8 3 110 16 7 5 245 14 7 , 169965.9872500006
5 257 2 3 1 76 9 7 5 97 18 5 2 160 14 5 1 30 7 1 1 25 2 3 5 288 19 3 , 134234.70874999935
3 100 6 3 1 217 3 6 1 148 8 3 4 306 7 4 1 94 5 8 3 22 8 1 3 236 17 6 , 103023.45625000037
1 76 18 6 5 23 16 3 6 262 13 6 6 241 9 5 5 296 12 8 3 30 5 6 2 92 20 3 , 170116.8615000001
2 131 9 2 6 271 2 2 1 258 7 8 4 252 13 4 5 175 19 2 2 61 3 3 4 245 14 3 , 121865.28475000002
6 145 12 8 2 290 8 8 6 279 1 7 1 67 12 2 5 310 8 2 2 131 3 5 6 51 1 4 , 88317.50575000032
2 288 17 7 5 263 20 6 4 284 18 4 2 196 15 8 4 157 10 7 6 271 13 6 2 246 4 8 , 187232.96299999964
1 244 11 5 5 162 20 3 6 197 1 8 4 159 13 7 2 308 14 6 6 63 1 3 2 197 6 8 , 129253.31299999997
5 35 5 5 1 254 9 4 6 312 1 6 5 234 14 1 4 212 2 5 2 248 18 4 2 317 6 3 , 114767.86324999983
5 219 2 6 3 71 13 2 3 303 12 5 2 94 11 6 6 49 11 2 3 308 17 3 6 274 3 3 , 134798.83275000006
3 193 4 8 2 316 17 2 4 229 18 1 6 290 18 5 6 107 2 7 6 268 11 3 1 79 2 8 , 144968.7527499996
6 97 16 3 2 18 4 1 2 120 3 3 1 243 1 4 6 225 14 2 6 258 1 1 4 178 18 8 , 121914.21700000034
1 36 4 5 4 33 7 5 3 66 9 6 5 261 10 8 1 74 12 7 6 81 4 4 5 110 4 8 , 103787.32450000005
4 205 18 4 1 196 20 7 6 297 6 6 2 196 2 2 5 210 3 2 4 263 17 6 6 195 13 5 , 163163.4012500003
6 305 18 6 4 176 5 7 3 292 18 5 1 257 20 3 4 187 15 6 5 227 8 7 4 207 10 6 , 205942.6019999999
4 204 8 1 6 141 11 5 2 255 15 1 3 212 8 6 6 121 7 1 6 306 17 2 3 281 9 6 , 197840.15324999928
6 250 10 4 4 68 3 4 4 111 12 6 6 94 3 1 2 277 10 7 1 159 8 7 1 51 4 5 , 105805.92799999999
5 57 14 3 2 159 18 5 4 267 9 7 3 73 13 1 4 130 3 6 6 84 4 5 2 198 9 4 , 158923.08299999972
1 307 6 5 3 88 12 6 3 259 16 2 2 242 19 2 6 40 6 7 5 193 8 2 4 86 7 2 , 160375.04675000065
5 225 5 7 4 122 9 3 5 28 4 2 5 34 4 5 3 244 10 8 4 218 6 6 4 83 5 4 , 97407.72375000027
6 53 10 8 4 138 15 3 2 45 1 4 5 220 17 1 5 210 12 6 3 26 14 8 2 175 8 5 , 142440.51425000041
2 126 19 5 4 116 16 7 6 88 13 3 2 101 17 8 1 189 1 3 4 302 2 6 6 305 13 6 , 224556.79674999914
2 66 1 2 2 236 14 6 2 285 8 4 1 23 6 6 5 310 8 1 3 298 16 2 3 70 19 4 , 138901.67725000012
4 234 13 3 6 218 13 6 3 197 8 8 1 181 19 2 5 94 3 2 4 138 15 5 2 153 3 5 , 136986.75324999992
5 47 5 1 5 81 7 4 2 170 19 1 5 18 18 3 1 235 9 8 5 101 16 3 5 171 10 1 , 158392.6047499997
4 259 16 3 1 198 13 2 6 75 19 1 3 209 19 5 6 73 15 4 6 180 3 7 4 94 10 1 , 184725.19174999942
5 21 20 6 4 310 9 2 6 223 10 1 1 113 16 8 2 126 15 7 5 211 14 5 2 284 14 5 , 191698.96874999983
4 280 3 5 6 60 6 4 2 287 18 2 1 132 19 6 1 48 19 5 5 82 6 1 5 62 12 3 , 160681.7485000001
1 219 18 5 6 220 19 1 2 241 17 6 4 226 13 4 5 95 13 2 2 82 15 8 5 172 16 7 , 229330.69725000102
2 225 4 7 1 275 18 4 2 107 20 6 1 273 3 6 2 98 15 6 6 229 12 7 5 68 11 2 , 172323.48249999975
3 171 12 5 2 58 17 6 6 75 9 5 6 70 6 1 2 304 6 6 6 96 8 3 4 29 19 1 , 169457.69800000024
3 71 4 5 5 270 4 3 3 310 6 4 3 21 5 2 6 170 12 1 1 304 2 7 6 26 16 1 , 113692.16249999995
2 183 17 8 2 27 11 2 2 280 3 4 6 318 16 2 3 313 8 3 5 237 19 7 3 31 3 8 , 157943.39200000005
3 192 8 8 5 102 11 6 4 228 11 5 1 33 3 4 6 217 14 1 2 81 8 8 1 245 17 3 , 154827.3815
6 47 7 7 4 18 12 3 6 114 11 6 6 162 20 8 4 113 10 3 5 252 10 4 6 101 14 6 , 179861.5837500001
4 243 20 3 2 24 4 5 1 292 19 2 3 122 2 7 6 33 18 2 3 198 11 2 6 99 8 8 , 192980.46424999984
2 317 14 2 4 276 2 7 3 269 12 8 5 159 14 2 4 282 13 7 1 126 14 7 3 111 11 2 , 177581.7199999997
6 48 8 7 6 160 3 3 2 238 8 4 5 313 2 1 5 306 5 7 5 222 10 4 3 210 9 7 , 102153.36099999989
3 306 3 2 3 176 18 5 5 209 20 3 6 184 14 3 5 256 19 3 6 217 19 2 2 175 16 8 , 238199.17599999957
5 261 4 5 4 283 15 3 5 167 17 6 3 233 14 5 5 244 15 2 3 241 2 4 3 224 4 6 , 173381.67575000064
3 80 2 8 3 117 10 1 1 293 13 6 2 99 19 2 4 175 19 6 2 250 1 3 6 263 8 6 , 138938.7505000002
3 50 13 6 4 86 16 1 4 122 16 6 6 238 2 4 5 201 3 7 1 184 15 5 1 162 9 2 , 133205.50450000018
4 194 4 6 2 61 7 1 2 83 12 3 3 283 16 4 2 100 17 3 3 159 17 7 2 285 20 3 , 174734.80424999938
2 139 15 3 5 232 10 3 1 217 11 4 3 60 8 2 3 298 10 4 3 293 1 6 2 51 18 6 , 140939.77525000036
1 81 15 6 3 228 4 6 3 144 17 6 2 160 14 4 6 275 13 4 2 253 11 7 4 83 17 7 , 175597.12874999942
3 243 20 1 2 146 9 1 4 280 19 8 6 183 3 5 1 308 20 5 3 121 1 5 5 307 15 4 , 289492.9894999997
1 198 4 4 6 170 7 1 6 158 13 7 5 61 2 1 3 218 20 6 5 188 11 1 6 102 2 3 , 116425.95649999967
3 87 12 1 4 70 2 4 2 115 15 1 5 305 10 2 4 50 8 3 3 228 10 8 5 296 10 3 , 132180.94175000006
5 60 11 2 3 294 2 3 3 273 5 1 5 239 14 1 5 159 6 3 2 56 12 3 1 104 7 7 , 111342.70975000004
2 114 12 7 5 136 6 4 5 147 17 3 4 259 2 8 5 43 4 8 2 130 5 4 2 318 5 5 , 113273.90325000012
2 170 6 3 6 187 20 2 5 28 20 1 3 294 16 3 5 253 12 8 3 257 9 2 5 294 5 3 , 186578.67700000014
4 161 3 3 1 95 2 7 6 34 7 1 5 88 9 2 3 17 17 5 1 196 1 3 4 35 18 5 , 116350.26449999987
2 302 1 1 1 30 7 5 1 117 17 6 2 274 16 7 1 122 4 1 6 97 6 6 4 91 20 6 , 145197.09100000042
2 316 10 3 3 35 1 7 6 219 10 7 2 229 20 2 3 186 10 2 2 60 3 6 5 253 9 6 , 129586.57125000014
5 256 17 4 1 88 17 5 1 104 9 2 5 139 12 1 5 76 3 5 2 197 11 1 2 235 11 5 , 180512.8799999997
3 228 5 3 4 228 5 5 2 29 11 1 2 187 4 4 2 104 18 6 2 203 18 4 4 91 14 7 , 166565.24500000014
2 122 12 7 1 116 7 6 1 164 11 5 6 264 16 4 3 175 8 2 4 205 13 1 6 150 18 8 , 205897.5842499995
2 273 20 6 4 206 19 4 6 319 11 6 3 169 10 2 3 305 8 3 6 263 11 3 5 304 15 1 , 214748.1147500006
6 16 18 2 1 269 2 6 5 199 13 1 6 252 12 5 2 240 15 2 4 100 12 6 4 237 9 7 , 187332.52774999943
4 185 4 6 3 305 16 5 1 314 7 7 6 127 12 8 6 18 3 5 5 28 20 4 5 223 15 1 , 174913.99750000035
3 197 12 3 3 260 18 7 5 118 20 1 1 23 9 6 6 300 4 8 5 247 15 7 1 44 11 5 , 158637.45399999933
6 58 20 1 2 96 20 7 1 184 17 7 4 79 16 4 5 80 9 6 3 84 17 2 2 245 15 2 , 217351.89449999985
4 24 16 8 6 43 16 4 2 112 2 4 1 94 1 1 3 92 12 1 2 137 4 1 2 207 13 1 , 122848.59474999981
3 243 19 1 1 139 12 2 2 167 9 2 4 199 17 8 3 120 1 8 3 72 20 3 4 284 4 1 , 238988.8987500002
3 286 10 2 6 186 15 8 2 98 9 1 3 278 2 4 5 125 11 1 4 99 7 6 4 119 10 5 , 121773.23225000006
5 185 7 6 3 26 16 3 1 125 19 4 5 205 13 1 6 83 14 2 5 176 14 4 3 118 11 1 , 182088.6304999997
4 79 13 8 6 104 7 7 3 79 8 4 3 212 18 8 4 55 14 1 6 139 1 7 5 182 8 5 , 142525.36300000016
6 258 14 5 6 129 4 5 4 236 14 4 3 188 17 4 5 233 5 7 4 257 17 2 4 290 3 2 , 145435.76175000035
2 215 8 6 2 208 20 4 2 188 10 6 1 45 20 4 2 92 15 1 3 286 3 6 3 100 12 7 , 177594.20750000022
5 199 18 3 3 99 6 5 4 260 9 2 4 61 4 2 2 106 1 1 1 142 2 5 2 82 14 7 , 114327.28249999971
3 186 2 8 6 198 19 1 4 201 5 6 1 40 14 1 3 242 14 4 4 281 18 8 2 126 14 1 , 178103.66825000016
2 47 12 7 1 106 17 1 5 81 14 6 1 59 6 7 6 119 15 1 3 222 18 6 6 276 10 1 , 203070.84449999983
2 53 10 4 2 79 17 6 2 190 15 7 1 122 19 3 3 231 16 8 6 230 6 7 6 173 7 7 , 185735.19474999944
3 271 18 7 5 33 11 6 5 38 5 2 5 268 20 8 3 91 5 6 4 142 2 4 5 118 14 4 , 170222.88099999985
2 190 20 5 5 304 15 3 6 168 20 6 3 298 7 2 1 74 1 6 5 251 6 6 3 109 6 6 , 172725.68525000068
4 227 18 3 2 87 4 2 4 147 4 3 3 47 1 6 1 150 18 3 3 225 20 6 2 121 8 5 , 160717.4564999998
3 242 1 7 1 155 5 6 1 173 10 6 4 204 19 5 6 301 1 5 4 24 10 8 2 224 2 3 , 110531.51724999984
6 38 7 6 2 249 18 6 1 305 13 8 6 89 4 8 2 236 8 8 4 137 18 4 4 293 18 2 , 199405.31200000038
4 197 16 3 6 34 17 6 6 250 9 1 2 270 10 2 2 66 14 5 6 138 7 6 6 45 10 6 , 200155.3602499997
5 204 6 3 1 228 6 1 4 43 15 2 6 100 6 8 3 259 19 2 2 59 12 7 1 211 17 5 , 186160.07850000024
1 261 9 8 1 90 2 5 1 128 6 3 4 75 10 6 4 260 14 5 1 161 2 7 4 20 19 7 , 132294.08775000006
2 236 1 7 1 263 8 3 2 269 9 1 3 70 2 5 4 123 12 8 1 286 2 5 1 222 18 8 , 102697.41274999997
5 144 8 5 3 300 9 3 5 150 14 4 4 311 8 4 5 120 16 1 6 140 19 1 2 24 14 2 , 162283.78825000025
1 194 18 8 5 299 19 3 6 61 7 8 1 253 2 5 3 198 7 1 3 226 14 7 2 245 8 8 , 143826.9007500004
6 149 3 4 6 46 10 7 3 241 5 7 4 143 20 5 5 57 14 2 2 97 14 7 4 212 20 7 , 184411.1072500003
6 203 17 6 2 282 11 3 2 84 2 7 4 45 17 7 3 46 8 6 3 199 1 6 1 317 18 1 , 155053.4454999998
5 252 17 3 2 142 17 6 6 19 12 1 4 27 20 6 2 161 16 7 2 189 17 7 3 246 8 1 , 207328.25949999984
5 304 11 8 3 168 8 4 5 157 14 6 1 41 13 3 1 141 8 8 3 68 10 2 4 135 16 7 , 161490.35800000041
4 150 3 1 1 272 20 6 1 292 1 3 6 306 10 2 4 152 3 3 5 132 14 1 4 135 9 4 , 118318.7537500004
1 273 6 5 6 127 6 3 1 50 11 5 3 223 6 8 4 114 2 2 6 34 6 4 6 68 18 5 , 108411.88024999973
6 65 14 2 1 210 16 7 4 87 11 7 3 102 3 5 1 161 10 5 3 184 1 6 2 227 8 7 , 137859.9667500004
2 17 12 7 3 69 8 8 6 294 3 5 1 170 18 2 6 26 5 7 1 302 4 7 6 243 14 2 , 131810.2650000002
1 144 17 8 1 123 16 1 2 195 18 6 1 299 9 7 5 273 7 7 4 48 14 3 5 185 2 3 , 186195.43324999983
6 221 14 3 2 272 7 4 2 104 19 5 6 195 1 2 6 207 10 4 5 87 4 4 6 158 8 4 , 135047.0415000003
2 309 17 3 1 300 6 6 4 278 17 8 1 58 4 2 3 212 4 3 6 176 1 4 3 119 2 2 , 107790.78749999987
1 106 5 2 4 18 16 3 3 223 1 1 2 81 8 6 5 129 9 2 2 210 9 3 2 49 1 7 , 108669.47425
2 225 1 2 4 305 6 1 5 81 1 2 6 154 2 2 1 140 14 5 5 41 15 2 2 316 20 3 , 128290.70775000005
6 285 10 1 3 316 11 2 5 240 3 1 4 225 9 4 5 128 18 7 6 252 19 5 5 265 10 4 , 375064.8747499989
2 38 16 2 6 181 15 2 1 192 16 3 4 87 19 8 2 37 17 8 2 89 20 4 6 62 16 1 , 318630.674250001
6 275 20 1 2 236 1 6 5 313 5 1 3 40 4 1 5 189 19 1 1 56 4 7 4 123 7 3 , 309685.7627500001
2 281 2 2 6 28 19 4 5 50 6 5 1 310 13 1 5 163 5 1 4 157 11 8 5 84 18 8 , 133153.15300000072
4 307 7 8 2 241 20 2 1 21 13 8 1 187 11 3 1 206 2 8 5 272 1 4 3 109 9 1 , 125152.40450000014
3 28 8 3 4 28 18 3 4 88 14 7 1 169 19 8 4 178 14 5 5 241 3 6 3 302 6 1 , 163009.10525000008
5 133 3 8 3 187 8 8 4 311 14 2 1 182 12 2 2 218 2 1 4 307 12 4 1 237 7 6 , 109240.29099999982
4 134 1 1 3 28 1 3 1 105 12 1 4 173 4 3 5 150 9 2 2 111 8 3 6 173 3 8 , 75925.9307499998
1 313 16 6 4 55 6 1 4 95 16 5 2 319 14 8 6 253 3 4 3 292 16 3 6 96 6 2 , 151260.80550000048
6 306 10 5 3 317 12 2 5 136 7 8 6 196 14 3 4 222 19 1 1 225 8 4 3 154 17 8 , 165588.54024999996
4 299 17 8 3 110 18 7 5 125 14 3 3 63 18 3 2 122 14 7 5 75 14 6 2 58 12 5 , 213569.87324999963
2 84 17 6 3 40 3 4 2 113 15 5 5 230 4 2 1 251 14 7 5 76 3 5 5 216 17 6 , 149560.80999999965
4 278 11 1 2 220 14 2 1 180 3 4 5 292 4 5 6 21 4 2 4 220 1 4 1 207 10 7 , 202313.754
5 296 15 5 3 56 18 1 6 235 20 4 3 245 7 8 1 285 13 2 4 229 2 5 5 130 2 1 , 161106.5657499998
4 270 2 7 5 125 2 4 4 143 13 4 6 267 8 7 4 18 12 8 5 50 10 4 2 85 17 8 , 130149.24925000012
6 308 16 4 3 217 11 2 6 102 16 5 1 191 8 4 5 17 3 6 3 167 18 7 6 50 1 3 , 157995.09949999952
4 185 5 7 1 183 7 2 3 307 1 7 1 320 3 1 2 72 8 3 5 139 17 3 4 158 16 1 , 114804.57800000013
6 215 8 4 3 309 3 7 4 89 19 7 5 119 11 2 5 308 6 2 4 128 14 8 1 278 9 6 , 144788.89574999953
3 234 9 7 3 31 11 3 3 119 6 4 2 37 18 6 4 121 13 8 2 71 14 8 3 124 5 4 , 167192.1815000003
5 80 12 3 6 148 20 4 1 45 18 2 3 176 14 3 5 192 11 3 3 43 14 4 2 268 10 7 , 222196.96524999946
5 109 1 6 2 223 15 2 4 218 9 3 1 294 15 8 2 285 2 4 5 57 2 4 1 162 3 7 , 105353.30825000009
4 281 7 3 5 281 5 6 4 32 7 7 2 110 15 4 6 169 11 4 4 308 7 5 4 177 19 3 , 156807.74925
5 53 10 7 6 272 4 4 6 141 9 6 3 189 7 3 1 299 2 5 5 66 5 1 2 102 18 2 , 118727.33724999992
3 212 2 1 1 111 16 8 2 71 16 6 6 100 16 7 6 241 8 5 5 174 6 4 6 237 14 8 , 147124.84825000013
6 218 18 6 6 172 18 8 5 40 5 7 4 314 14 8 6 57 12 8 2 297 16 1 4 87 8 7 , 172379.1657500001
3 206 13 7 3 121 16 1 6 228 8 7 3 186 15 3 2 69 8 6 1 50 2 1 2 198 15 7 , 150192.7224999998
1 94 16 5 6 23 6 7 3 132 7 3 2 138 10 7 6 293 3 5 2 284 12 1 1 33 1 1 , 104402.7372500002
4 108 9 7 1 208 12 5 2 191 10 3 2 273 12 1 6 76 10 6 4 81 10 8 6 75 16 2 , 146702.1932500002
1 206 4 3 1 215 12 6 4 198 12 1 5 27 7 7 2 154 4 4 5 236 19 7 4 132 14 2 , 137993.2139999997
4 175 15 8 3 265 11 8 2 50 9 3 2 65 3 8 2 255 2 3 1 161 10 5 5 167 14 1 , 123896.22424999988
3 130 7 2 3 311 5 7 6 165 16 5 4 276 1 7 2 165 2 6 3 174 12 7 3 280 10 1 , 106892.16574999984
4 32 4 3 5 264 18 5 1 78 6 6 6 87 11 1 5 72 3 2 2 279 15 6 1 123 1 5 , 119280.83100000034
4 160 15 4 3 245 3 2 1 266 12 6 3 156 11 7 2 278 14 2 6 75 12 6 6 298 14 8 , 170363.64024999965
5 120 19 6 2 41 2 2 3 30 15 3 4 289 7 8 1 264 14 5 3 210 1 4 4 48 9 4 , 132079.3450000001
1 281 9 3 3 259 18 2 2 59 9 6 3 144 14 5 3 225 9 5 5 140 20 2 4 279 7 8 , 177802.9962499999
1 188 8 3 6 139 4 7 3 272 11 4 3 119 18 1 4 311 11 2 3 283 4 2 5 130 10 3 , 135496.64074999953
3 44 12 1 2 115 6 6 6 116 20 8 4 278 2 2 2 131 5 6 4 70 7 7 5 161 3 3 , 119360.33025000012
5 290 6 2 3 107 10 3 3 115 11 3 4 149 16 5 5 78 11 5 6 258 16 2 5 143 9 7 , 165665.5505000003
4 20 18 7 4 269 10 5 5 103 7 6 6 104 2 1 6 320 17 7 6 275 10 6 3 58 5 7 , 150276.0137499997
4 195 13 6 6 47 16 7 6 115 19 8 6 62 18 5 2 70 8 8 4 268 3 1 1 192 2 7 , 175295.34775000042
2 194 7 6 4 122 3 4 2 95 3 7 1 262 5 8 4 82 16 8 6 82 12 5 1 269 17 3 , 139761.87550000014
4 65 3 8 1 255 12 2 1 225 19 5 2 21 12 4 4 306 9 6 2 285 18 6 6 286 17 1 , 194548.96599999984
5 279 6 5 4 208 6 2 1 319 2 6 6 286 17 8 3 179 2 8 4 294 12 6 4 261 13 4 , 116154.70325000002
3 163 5 1 5 217 18 4 6 216 13 5 2 35 12 8 2 298 2 6 2 201 15 1 5 307 15 2 , 154311.78049999988
2 206 11 4 5 110 2 6 5 36 4 7 2 36 8 3 5 43 6 5 5 147 7 8 1 183 3 8 , 79159.89500000006
3 216 8 8 3 110 15 8 3 299 6 3 5 162 5 2 3 23 15 8 4 234 20 2 6 29 1 5 , 140746.00074999937
3 293 7 8 2 108 14 1 4 49 2 4 2 204 5 4 6 22 17 1 2 252 9 2 4 109 7 6 , 116487.7412500002
4 57 15 7 3 186 16 2 3 277 20 1 5 99 11 6 4 223 13 7 4 246 1 4 2 209 3 7 , 154164.74650000027
5 314 13 5 2 271 17 2 3 312 6 4 5 55 20 8 3 294 3 1 4 270 6 1 4 254 9 3 , 138412.13450000016
5 62 12 6 6 127 1 3 3 150 18 6 6 187 4 8 6 319 9 7 5 313 12 7 6 56 14 5 , 142465.59325
2 61 11 4 6 98 9 4 2 259 16 5 5 240 18 8 4 117 6 4 2 140 1 8 2 183 16 8 , 149308.44900000002
5 29 13 8 6 198 9 8 6 184 8 8 5 151 3 3 4 227 9 3 6 221 3 8 1 269 12 7 , 113169.54074999997
3 63 18 2 5 245 3 2 5 48 2 4 3 163 3 2 3 220 11 3 6 44 16 8 3 126 12 4 , 128868.82500000004
6 277 2 4 1 296 3 1 6 58 4 7 3 308 5 2 4 65 8 8 4 30 5 8 4 164 2 2 , 61545.78424999995
2 83 1 7 4 183 12 2 3 128 3 6 3 236 3 4 3 310 19 5 4 306 20 5 1 49 1 7 , 133631.1307500001
2 137 10 7 2 211 15 6 1 123 18 1 4 44 16 7 3 230 20 3 4 300 3 5 4 123 7 1 , 187175.62850000005
4 137 4 8 3 301 1 7 5 62 17 5 4 204 12 2 3 215 15 8 3 98 8 2 5 79 16 2 , 151196.73250000027
2 231 11 4 1 252 7 2 4 89 10 6 6 159 15 7 2 222 11 1 2 233 11 3 1 69 6 3 , 148262.8252499999
2 275 10 6 1 177 15 2 1 160 18 4 6 209 11 5 5 268 13 1 3 220 1 5 6 158 16 6 , 183192.56199999998
6 191 16 4 2 79 7 4 2 177 13 1 5 315 5 7 6 318 11 3 5 138 17 1 3 81 20 3 , 184417.90825000042
6 173 20 3 6 241 4 5 2 112 16 6 2 298 7 1 1 293 17 1 1 201 13 4 4 252 12 1 , 187797.0214999994
2 45 20 3 1 129 9 8 3 231 1 4 3 101 20 5 4 179 19 6 1 148 14 4 2 317 13 8 , 196008.94075000047
5 34 20 7 1 27 5 8 3 51 3 7 4 172 9 7 4 241 12 6 1 215 11 1 4 112 18 1 , 171391.9520000011
4 109 16 5 6 46 8 4 3 229 11 1 6 158 9 6 3 114 20 6 6 191 3 4 4 282 6 3 , 137285.4905000007
2 235 6 6 1 32 11 8 3 164 9 3 5 99 16 6 3 120 12 8 2 175 13 5 2 48 18 5 , 161404.88874999984
4 183 17 5 3 232 8 1 1 285 8 4 4 153 14 5 5 258 6 2 6 303 5 7 5 112 9 2 , 131058.00274999965
5 100 12 8 1 134 9 1 1 123 3 5 6 138 6 6 1 320 14 4 1 204 20 7 3 148 5 6 , 135304.41974999977
1 286 8 1 1 197 16 5 4 46 10 6 5 153 14 3 5 67 10 4 6 93 19 5 3 51 4 5 , 161827.09025000042
4 45 8 7 4 238 19 7 2 124 12 7 3 183 14 3 1 298 17 2 2 38 3 7 6 213 20 3 , 190101.46374999912
5 216 10 7 6 197 2 3 1 91 1 1 3 311 11 8 2 195 1 8 1 120 9 7 1 37 14 5 , 101755.0237499999
1 73 13 2 3 164 16 5 5 260 12 3 6 47 2 4 2 163 8 6 4 294 9 1 1 236 8 7 , 135477.71149999948
5 264 16 7 6 215 12 3 3 266 16 7 6 28 8 2 2 228 17 8 1 156 4 5 4 107 18 2 , 174650.1457500003
1 89 20 8 4 183 15 8 3 68 8 8 1 74 2 8 5 171 14 3 4 188 15 3 4 199 14 5 , 173470.3064999993
5 126 20 1 5 68 4 2 5 98 2 8 2 60 7 1 6 19 19 5 1 63 5 4 3 127 4 2 , 171310.74225000036
3 66 11 8 3 52 14 2 4 217 3 3 1 251 6 1 3 17 14 2 2 178 10 8 1 41 13 7 , 149747.64824999942
4 263 16 8 5 310 13 8 3 80 10 4 3 71 5 3 5 269 6 6 1 245 14 4 2 133 12 7 , 155831.93724999967
5 219 17 4 3 295 13 6 2 218 5 5 3 95 10 1 5 37 8 1 2 188 7 5 5 63 5 4 , 139090.99974999978
4 58 13 4 2 141 1 6 1 249 2 2 3 22 7 5 6 259 17 6 3 154 3 1 6 245 16 6 , 140590.0150000002
2 169 13 8 3 72 5 8 4 60 8 6 5 95 4 3 5 80 13 3 2 124 2 5 2 125 5 7 , 107533.88674999985
6 294 10 6 4 129 4 2 3 280 12 1 5 137 2 8 5 184 12 1 1 294 8 2 4 50 6 6 , 120571.80125000051
1 107 8 2 6 268 19 8 4 70 11 7 5 248 13 1 4 305 12 5 5 152 4 7 1 260 17 8 , 185679.48250000016
1 63 1 7 1 128 18 6 2 42 15 3 3 20 4 4 3 286 3 4 4 48 20 6 6 120 5 1 , 143220.13425000038
6 47 16 6 6 100 10 5 6 186 4 3 4 36 11 2 6 20 20 5 3 73 6 2 1 26 7 2 , 161785.0872499997
3 41 8 8 3 42 1 6 4 69 9 6 5 103 8 6 5 157 8 3 6 119 10 1 5 291 3 7 , 91693.22074999993
2 272 10 7 3 99 6 2 6 284 8 5 6 293 18 6 6 319 4 4 4 192 13 5 1 167 18 7 , 149625.7035
2 167 16 2 2 198 12 3 6 140 10 6 2 131 1 7 1 261 2 4 1 47 17 3 6 74 20 1 , 143388.93125000023
1 44 5 4 6 87 6 5 3 62 20 5 1 290 20 5 5 41 8 3 6 86 18 8 3 286 11 4 , 172356.94199999925
5 112 1 1 3 192 4 8 3 178 16 2 5 281 16 1 5 186 10 1 4 65 8 6 6 214 12 4 , 132495.18100000083
1 17 7 6 2 124 16 8 4 245 2 6 5 69 19 1 4 90 1 6 4 180 2 4 2 42 12 1 , 115168.71625000006
1 226 7 2 5 173 15 1 2 205 7 8 4 118 6 2 2 154 6 1 3 274 14 7 6 127 12 7 , 138549.84449999948
2 259 1 1 4 288 18 4 6 304 18 2 6 40 13 2 6 212 8 6 4 243 1 3 1 30 19 3 , 153300.50174999965
1 124 5 8 1 156 2 2 5 190 13 8 5 253 7 3 4 116 3 5 3 99 11 3 5 256 9 1 , 103854.15674999986
2 74 3 8 4 124 7 1 4 246 1 6 3 61 18 3 2 79 10 4 6 183 9 2 4 52 14 1 , 125912.15875000032
5 122 20 3 2 305 1 5 1 80 19 2 1 230 11 3 6 229 15 6 1 123 18 2 1 216 5 1 , 174802.1379999999
3 303 2 4 2 146 9 4 2 76 20 3 4 156 8 3 4 69 1 5 4 82 13 2 3 133 20 8 , 148621.27325
4 167 14 6 5 288 7 5 1 175 6 7 5 143 4 2 5 85 9 2 5 205 20 5 3 73 11 1 , 137834.33050000016
5 46 3 5 2 116 11 3 4 37 6 3 6 291 10 7 2 63 1 7 6 204 1 8 2 98 6 1 , 82868.16449999985
3 201 11 3 3 215 6 2 5 165 9 1 1 172 19 2 3 196 18 3 1 142 4 2 2 168 14 1 , 172685.29950000087
4 58 6 3 4 55 3 6 5 88 12 6 3 29 11 6 5 122 2 8 6 276 2 8 4 143 9 8 , 94894.05900000017
6 180 10 8 3 228 10 5 1 201 20 6 3 174 7 3 3 23 1 6 1 257 10 8 4 302 14 4 , 149654.38500000018
1 282 16 1 5 151 13 4 5 174 6 1 1 106 12 2 3 173 14 6 4 53 7 8 4 66 15 2 , 214214.86175000065
2 247 5 5 6 48 5 3 2 225 3 3 1 43 4 3 4 96 16 7 2 166 6 7 3 29 8 7 , 96717.36525000035
1 207 3 3 4 182 11 2 3 286 9 8 6 266 3 1 1 32 11 1 4 59 16 6 5 153 12 4 , 150535.50150000007
6 27 19 2 6 173 5 8 6 147 11 8 5 57 12 7 2 53 7 2 4 65 6 1 3 159 6 8 , 122995.19875000027
6 111 3 5 6 110 16 2 5 52 18 1 4 289 17 3 4 110 6 8 6 170 8 5 1 249 16 4 , 159691.1682499998
6 24 7 8 5 132 1 7 4 253 6 5 2 85 18 5 4 312 20 8 2 252 16 8 5 303 12 5 , 155056.16774999924
1 115 2 3 6 82 9 8 1 193 1 7 1 123 5 8 1 297 19 5 6 95 17 4 6 43 15 6 , 129419.14500000015
3 78 11 5 3 194 11 1 1 232 18 1 4 297 15 3 5 169 13 4 1 200 20 8 2 287 8 3 , 179711.40375000006
6 23 7 5 3 110 17 8 5 154 3 6 5 34 1 6 2 157 18 3 5 104 6 5 1 153 6 7 , 112353.03949999984
5 141 5 4 3 82 5 7 3 103 7 6 1 209 7 5 5 33 3 4 6 56 2 7 2 288 11 2 , 79485.25000000004
2 318 8 1 2 60 14 6 3 186 17 4 5 144 11 6 4 308 17 5 4 75 13 1 2 313 4 4 , 202864.1334999996
6 48 1 4 4 177 13 3 4 203 19 7 5 288 8 2 5 309 2 1 5 190 15 8 5 41 13 3 , 143760.74799999996
2 23 9 2 2 220 10 4 4 222 2 2 2 41 6 8 2 250 15 7 2 221 3 6 6 307 12 8 , 123167.75424999946
1 255 13 4 2 86 12 5 3 111 3 1 6 170 3 2 3 261 11 8 2 175 8 6 1 176 2 4 , 105256.58649999983
4 295 7 2 4 277 11 8 3 41 5 6 6 194 9 8 2 38 20 6 1 309 16 5 2 80 12 6 , 163685.75899999938
6 127 17 1 5 198 1 6 1 86 9 5 3 58 7 3 5 97 14 7 6 79 1 5 4 254 4 3 , 154115.11300000024
6 270 5 6 1 253 3 3 6 142 11 7 2 115 3 5 5 206 15 3 2 244 1 4 2 270 10 6 , 103160.15974999998
1 179 11 8 6 71 5 1 6 82 13 8 3 211 18 2 6 101 9 8 2 204 19 2 4 283 2 6 , 168418.94975000038
1 153 15 4 3 146 13 6 4 81 7 7 2 223 16 1 3 213 11 5 4 32 8 3 1 25 6 2 , 164630.99825000053
3 314 2 7 2 262 4 5 2 31 12 4 6 273 6 7 2 111 5 1 2 157 17 4 1 167 16 3 , 123048.15949999983
4 85 8 6 5 119 8 7 3 115 5 4 2 284 11 7 6 176 15 1 6 98 6 7 3 161 5 8 , 123392.93549999979
4 169 10 2 1 140 19 5 1 129 1 1 1 135 4 8 1 53 15 1 3 16 11 6 5 286 7 1 , 138537.90674999956
6 105 15 2 2 239 1 7 3 99 9 2 3 143 17 3 3 214 19 4 6 287 18 8 5 245 17 4 , 219552.59624999983
4 210 5 6 1 122 18 4 6 247 4 8 4 112 5 3 2 261 16 4 1 194 19 4 6 250 5 6 , 138047.34125000003
6 203 4 1 2 104 10 6 5 196 10 1 5 30 15 5 3 168 1 8 3 174 19 7 5 251 1 3 , 125976.78449999969
3 212 12 1 1 153 1 6 5 114 3 3 6 184 17 6 6 257 4 2 3 196 4 7 3 277 9 3 , 118560.94400000025
3 258 1 5 5 242 17 8 6 303 18 5 3 18 15 7 2 84 19 7 3 98 8 5 1 274 11 7 , 172110.97575000042
4 70 18 6 2 30 20 2 4 38 8 8 5 245 16 6 5 284 3 8 2 239 16 1 6 83 8 3 , 171618.60700000013
6 207 14 1 5 138 14 8 2 120 1 8 1 213 7 3 4 243 13 6 2 210 5 8 1 163 7 1 , 196138.92075000005
3 96 12 1 2 124 20 5 5 64 17 3 4 138 6 6 5 259 1 1 2 167 7 1 6 292 6 5 , 137373.45450000002
3 60 16 4 4 293 18 8 3 100 15 6 2 247 14 6 5 47 10 1 4 269 6 2 1 238 17 4 , 192871.9720000005
1 177 16 7 1 214 12 2 3 290 8 5 5 190 4 8 5 186 4 2 5 109 3 4 5 23 9 5 , 116664.17449999972
5 180 2 6 5 39 10 3 5 218 6 1 2 153 16 4 1 288 14 3 5 269 3 4 6 278 1 5 , 98143.51274999998
5 39 12 6 2 172 15 4 6 234 7 6 3 148 18 1 6 269 11 8 5 113 1 1 4 35 20 8 , 173450.6920000001
4 214 13 2 1 283 14 6 2 112 20 2 1 111 20 4 1 88 8 5 1 59 6 6 5 67 6 1 , 183128.43674999976
5 230 16 6 5 200 20 1 4 199 14 3 5 103 15 7 4 212 8 7 4 320 1 8 1 259 8 2 , 173057.49999999983
4 36 1 8 5 250 8 2 1 112 10 5 5 70 7 1 5 244 1 3 3 47 4 1 5 296 18 7 , 100884.73725000006
4 225 15 8 6 173 11 3 4 258 15 4 4 316 17 7 1 29 20 3 2 250 5 7 2 206 4 4 , 179943.6135
1 58 15 1 5 108 6 8 3 123 1 7 4 301 4 5 2 52 7 4 5 199 4 2 6 256 15 8 , 107287.45124999997
2 96 18 4 4 152 19 7 3 271 1 6 6 228 18 5 4 240 10 2 2 288 16 6 6 312 18 8 , 226163.9397499999
6 90 9 3 4 262 5 3 2 309 1 2 5 112 20 7 2 209 3 2 2 241 11 6 4 218 18 1 , 146734.71100000024
3 302 7 1 2 28 20 1 4 96 4 2 2 75 9 2 1 100 11 5 1 318 2 4 6 90 6 8 , 166795.6389999998
1 122 8 1 2 34 1 8 1 249 3 6 5 120 8 7 6 56 12 5 1 41 16 7 1 226 16 7 , 145140.05575
2 30 17 5 5 249 18 3 3 51 18 2 6 102 20 6 4 73 20 7 4 118 1 7 3 74 11 6 , 191026.9369999993
4 198 15 3 6 179 17 7 2 260 17 8 6 272 10 1 6 258 17 7 6 73 19 2 4 183 17 3 , 224437.63324999993
4 148 13 4 5 297 6 3 5 183 12 2 1 158 16 5 4 261 16 5 4 124 19 1 5 39 4 1 , 165115.80375000086
4 22 6 4 3 131 19 4 1 286 16 8 3 318 5 1 1 63 5 3 3 111 2 6 5 46 1 2 , 105353.78275000003
3 219 6 8 6 43 12 4 1 173 3 1 3 139 16 1 3 249 12 4 3 239 1 8 3 98 19 8 , 169085.28924999924
4 292 18 6 2 46 8 8 2 307 2 3 1 74 15 5 6 68 13 1 5 247 7 8 6 290 6 7 , 138136.59800000006
3 287 18 4 1 232 2 5 1 43 14 1 5 285 17 7 3 162 20 3 6 267 9 1 2 96 11 5 , 186822.91650000084
3 204 10 3 2 134 20 8 1 163 8 8 3 131 1 8 1 286 14 2 6 27 8 6 1 44 15 3 , 147242.03550000035
5 300 5 7 6 172 1 2 3 77 13 1 6 228 4 1 3 180 18 2 2 25 16 2 2 80 14 7 , 141814.26624999967
6 306 10 4 1 44 6 3 5 107 11 7 2 69 1 1 3 90 4 7 4 313 8 3 5 69 11 1 , 109593.99299999999
6 138 20 5 5 69 7 3 5 212 17 1 3 157 10 3 1 256 2 7 4 36 13 7 5 91 9 4 , 167027.73725000024
1 168 5 6 6 189 16 8 4 19 15 7 1 256 19 7 4 200 10 5 2 294 20 4 1 305 19 8 , 225421.79775000032
6 22 2 6 6 177 19 4 4 130 1 8 3 124 19 5 2 166 13 2 4 169 2 5 6 68 8 6 , 136427.26174999954
3 286 19 6 6 272 14 8 3 201 5 4 5 167 14 7 2 19 7 2 3 110 4 6 4 273 1 4 , 140021.6262499995
4 215 19 4 3 160 12 6 4 241 19 4 2 245 11 8 4 61 16 3 5 223 17 3 1 129 13 6 , 220892.88249999937
3 42 13 5 1 46 2 7 2 22 10 8 1 44 16 2 5 243 7 6 2 52 7 1 5 187 3 2 , 124476.05874999965
6 210 13 7 2 145 11 3 4 83 14 7 6 144 19 5 6 67 10 4 1 196 2 3 4 244 6 1 , 159689.84500000032
1 292 2 4 3 152 4 4 6 38 19 6 5 55 7 7 1 137 16 4 5 242 11 2 6 53 5 1 , 146933.1657500004
6 220 12 8 6 43 19 1 3 59 19 4 6 290 19 8 5 273 10 1 5 184 11 6 3 96 5 4 , 230909.2387500002
1 129 9 7 5 134 18 8 6 197 15 2 1 125 4 7 3 277 7 5 1 42 2 2 5 169 7 6 , 132025.4005000004
1 23 6 4 4 186 13 4 4 110 2 5 1 66 7 5 5 218 10 5 4 91 16 8 1 56 1 7 , 98493.40924999968
2 292 6 2 1 75 15 2 5 76 18 3 2 43 12 1 6 60 14 5 3 101 15 1 1 217 2 7 , 153692.9554999999
4 168 1 6 3 263 6 3 1 142 13 5 1 162 15 2 2 155 20 6 1 114 7 6 4 273 6 3 , 125543.31425000042
4 24 13 7 1 55 18 2 5 213 17 3 1 224 12 8 2 291 7 2 3 277 4 8 4 182 15 4 , 172383.41250000047
4 268 1 1 4 213 9 1 3 227 19 7 6 152 3 1 4 234 18 2 3 145 19 4 1 216 7 5 , 175826.39949999994
4 270 14 4 4 126 5 2 6 158 9 1 3 155 13 8 2 208 1 5 6 216 5 1 2 283 18 4 , 129028.30875000005
1 46 10 7 2 80 1 8 3 62 14 1 1 210 12 8 4 181 7 1 2 255 19 5 1 284 19 1 , 163381.92274999968
6 129 18 7 2 256 8 7 6 250 18 7 4 138 11 6 2 33 15 1 5 28 16 7 3 116 5 2 , 178439.53349999958
4 195 10 6 6 94 12 4 1 207 6 6 3 295 16 5 3 76 9 7 1 255 4 4 4 203 11 2 , 135934.31499999994
2 34 6 1 1 89 13 3 6 58 12 6 1 313 15 2 1 175 19 8 3 174 7 5 4 218 20 8 , 182139.06224999955
1 84 15 2 2 82 17 3 5 278 13 3 2 228 11 5 2 36 17 4 1 108 3 7 2 129 8 8 , 167356.22699999975
3 38 17 7 5 36 1 6 5 319 5 2 2 244 6 1 6 83 10 3 4 284 3 6 6 86 17 3 , 134806.85874999993
3 54 13 5 4 210 19 3 3 64 2 2 2 181 9 1 2 63 2 4 5 22 4 6 5 306 1 5 , 104499.45624999986
4 202 3 8 4 299 16 4 1 182 20 7 6 269 5 2 5 38 11 3 5 161 10 6 3 164 18 5 , 178686.19299999965
1 17 6 3 3 140 17 5 4 120 19 5 1 30 8 3 2 24 4 8 5 63 14 4 1 227 19 3 , 182240.62224999955
6 34 18 4 1 70 10 8 2 134 3 6 5 290 13 1 6 108 12 2 5 188 16 1 6 72 19 1 , 189479.6562499997
3 21 15 2 2 153 10 6 1 218 6 4 5 225 15 7 2 93 16 8 3 261 3 1 3 26 7 4 , 152460.3289999996
6 256 15 3 3 308 5 1 6 21 11 5 1 275 12 7 6 49 16 8 4 69 5 5 2 19 8 7 , 152419.40249999982
5 128 17 3 2 219 4 7 6 235 6 7 2 222 3 6 6 286 20 4 3 257 15 6 3 270 11 2 , 173044.92000000004
1 113 13 1 6 206 4 2 3 153 1 5 5 77 8 3 2 77 5 8 1 270 3 4 6 288 3 4 , 90000.49449999994
2 102 1 6 4 193 3 4 4 157 1 1 4 152 19 1 6 269 5 6 2 311 3 5 4 140 2 7 , 65296.864249999846
3 316 2 6 1 18 6 2 2 45 7 6 3 85 15 7 5 85 20 8 3 90 13 6 4 50 8 7 , 134592.57474999933
5 226 11 3 6 173 3 6 6 55 5 4 6 245 12 1 1 284 18 8 1 229 11 7 1 130 19 6 , 142670.2977499994
2 140 13 7 2 132 17 8 3 309 4 7 2 118 19 4 6 158 18 2 4 273 10 8 1 290 18 8 , 191228.13350000023
1 204 7 3 4 104 20 5 6 186 3 8 6 292 14 4 6 303 19 5 4 247 5 5 4 108 8 7 , 146513.1150000005
4 237 6 6 2 232 20 6 4 271 14 8 6 71 18 6 1 218 3 2 2 295 12 7 1 122 17 2 , 171036.81699999984
6 147 20 5 5 281 17 7 4 307 7 2 1 149 2 8 1 320 19 1 2 80 20 6 1 267 16 5 , 198637.37924999918
5 280 19 6 4 203 9 6 1 32 4 1 4 202 4 2 2 173 19 5 3 241 10 3 3 75 15 3 , 161361.1935
5 76 3 1 4 83 15 4 3 116 7 5 4 285 6 6 6 70 3 4 6 172 14 2 3 48 5 4 , 107474.07974999983
2 245 7 2 1 129 5 8 3 133 13 3 4 158 10 1 2 220 1 2 4 269 6 8 5 83 3 6 , 88833.92749999995
1 156 13 5 4 184 7 8 3 25 17 7 3 126 14 4 1 85 11 8 1 108 10 7 2 177 16 4 , 178173.69275000037
1 17 6 3 2 300 10 8 3 250 13 7 4 106 1 5 2 281 2 3 6 245 7 1 5 256 2 4 , 116227.79675000018
2 288 10 5 6 115 20 3 1 135 12 1 4 244 12 7 5 66 5 2 3 124 2 3 4 212 3 2 , 135252.56200000015
1 93 19 5 6 84 13 3 1 23 13 5 6 20 6 5 5 75 11 4 4 41 15 1 2 289 20 6 , 203008.0080000006
1 194 1 6 6 193 12 8 1 275 14 6 6 41 10 5 3 90 4 3 5 273 19 6 6 22 19 4 , 165526.31500000006
4 210 4 1 3 264 3 7 5 265 15 1 5 234 19 4 5 79 11 8 3 68 6 8 5 312 17 8 , 166282.0115000008
3 314 6 7 4 153 17 3 2 269 13 7 5 220 11 8 3 294 14 4 2 196 10 7 4 66 2 5 , 161040.5119999997
6 282 14 6 3 85 15 8 4 51 8 8 4 127 19 2 4 105 17 2 4 262 3 7 4 23 14 1 , 184992.24774999992
2 270 2 8 2 132 12 5 4 141 19 1 5 313 4 5 2 243 12 4 4 126 3 7 3 217 10 5 , 147584.9712500004
6 292 11 1 1 124 9 2 5 294 7 7 3 294 2 4 3 111 4 1 3 43 3 6 6 149 17 6 , 233163.9004999998
6 312 2 7 1 74 3 1 6 77 13 6 2 156 15 1 2 229 4 7 3 270 17 2 1 45 7 1 , 113285.96350000004
5 18 5 8 5 315 13 5 1 299 4 6 5 171 12 6 6 240 16 5 1 236 2 8 3 225 4 5 , 110814.04200000025
5 289 19 6 1 117 13 1 4 268 2 6 5 45 10 2 1 89 13 2 1 33 5 5 4 24 9 2 , 185869.51425000036
6 164 17 5 2 64 2 2 6 286 19 3 3 300 9 8 2 290 10 5 5 304 1 1 4 44 13 8 , 140743.62800000006
5 156 13 8 2 107 12 7 1 148 4 1 3 184 20 6 1 174 9 8 6 132 14 3 6 237 19 1 , 171259.51399999938
5 150 18 1 3 191 15 8 5 229 3 1 2 225 16 2 5 288 3 6 3 139 5 4 3 214 4 4 , 191189.22200000007
3 316 9 6 4 76 9 1 3 315 5 5 2 317 19 3 6 266 10 3 1 198 11 3 3 93 16 5 , 156740.00150000016
6 274 15 6 3 84 7 5 2 150 15 8 3 260 1 7 2 267 6 5 3 226 16 2 3 118 14 3 , 141265.39074999973
4 238 18 6 2 285 3 1 3 24 4 6 1 34 18 4 6 190 20 5 4 171 12 1 1 232 17 7 , 181565.24275000073
2 35 9 3 6 18 15 7 3 211 17 7 3 118 19 3 2 216 17 3 4 203 5 8 4 180 14 2 , 195453.91375000105
1 121 5 2 3 265 18 3 2 275 9 7 3 60 18 8 1 273 12 1 4 240 10 4 6 70 5 8 , 151047.3907499998
4 153 3 8 2 248 7 1 5 152 12 3 5 182 9 3 3 267 5 3 2 295 4 7 3 45 1 7 , 84515.02700000009
1 192 3 2 5 146 17 5 1 197 20 3 6 30 7 1 2 264 19 8 3 117 8 6 3 245 5 5 , 164417.4630000005
1 270 5 7 1 286 16 2 1 258 11 8 2 286 8 3 4 144 20 7 3 271 10 2 6 246 10 2 , 176054.30699999962
5 82 1 2 1 269 15 1 5 169 11 2 6 282 11 2 3 20 12 3 4 147 15 4 6 202 12 7 , 166441.89525000032
1 304 17 5 1 147 1 8 3 180 13 3 6 293 8 5 4 292 4 8 6 252 9 4 3 22 1 4 , 118628.79075000017
2 320 9 8 5 259 3 3 4 261 12 6 4 128 12 1 6 22 18 7 6 265 4 7 3 144 6 3 , 132127.6362499993
2 159 1 6 4 173 19 2 3 153 17 4 1 237 5 7 6 30 20 2 2 233 2 7 1 175 1 2 , 134768.75349999982
1 217 20 1 2 238 1 6 2 115 11 6 1 265 3 1 3 252 11 7 5 136 2 8 5 120 5 7 , 134429.85025000022
5 138 15 3 1 107 17 1 2 290 2 5 4 300 5 8 5 181 7 6 5 209 1 8 1 104 10 6 , 132220.8732499998
5 298 4 3 3 72 17 2 5 16 20 4 1 217 3 7 4 95 5 3 2 292 8 8 4 193 19 7 , 143198.23374999987
1 93 17 1 4 248 14 7 4 255 19 2 2 138 14 4 1 303 11 5 6 17 14 3 2 27 14 1 , 200549.69100000002
1 171 2 6 2 172 16 3 5 284 1 7 1 170 14 3 1 200 7 8 5 25 18 2 4 133 15 5 , 139112.83199999988
4 95 15 4 2 313 8 5 5 265 6 7 4 244 3 6 5 284 5 7 4 165 13 4 5 256 17 4 , 127305.21650000018
6 78 1 4 5 62 4 3 4 138 2 1 5 251 16 6 4 128 15 3 1 87 18 7 4 85 15 7 , 131156.99975000066
1 163 7 8 2 274 2 1 5 290 6 7 6 67 18 3 5 96 15 5 6 235 17 6 3 300 19 4 , 171687.96049999964
3 165 9 6 5 61 11 3 5 57 14 2 2 22 6 7 6 168 1 8 4 210 20 4 3 161 14 8 , 149051.19975000012
3 233 15 2 5 226 6 5 1 40 17 1 3 74 10 5 5 49 8 5 1 160 18 2 2 95 9 7 , 160189.91450000054
2 76 1 5 3 82 15 1 4 157 17 8 3 187 7 1 5 136 15 7 1 224 18 1 4 315 6 3 , 164669.42125000013
1 257 3 5 1 280 12 8 6 63 16 1 6 208 2 1 5 315 19 8 3 193 9 8 1 107 6 8 , 137496.9119999998
6 95 9 1 4 39 20 5 3 41 7 6 5 90 9 6 1 92 6 4 5 261 6 1 2 62 1 3 , 130158.3060000003
5 234 6 7 3 25 1 7 2 168 12 6 2 53 18 4 1 262 10 1 6 270 8 3 2 104 15 7 , 146988.08724999998
3 187 7 6 3 18 2 5 3 231 20 1 2 197 15 2 5 26 7 7 3 111 16 8 2 112 7 8 , 149072.8637500004
3 129 16 6 1 234 3 2 2 273 15 5 4 71 20 1 6 147 12 3 2 318 18 1 4 182 11 7 , 201608.1184999997
1 208 16 7 2 61 7 4 6 303 4 7 5 207 4 3 5 86 8 3 5 319 6 3 2 243 18 3 , 131281.1277499997
1 140 19 4 6 276 16 1 6 84 15 1 3 169 13 1 1 250 4 8 5 81 18 2 2 140 14 7 , 213081.8277500005
1 153 13 7 3 267 10 8 6 182 11 1 6 257 15 8 6 117 9 2 1 233 6 3 1 281 16 7 , 172656.28075000012
3 293 12 1 2 66 8 5 1 203 5 2 6 270 17 3 5 229 5 6 1 73 3 2 6 133 20 3 , 212547.8597499999
3 307 18 6 2 273 8 5 4 247 15 4 6 87 7 5 2 182 4 7 6 78 12 1 1 115 9 6 , 169158.8907499992
4 181 10 7 6 117 10 2 6 276 19 5 2 139 3 7 1 231 7 3 3 199 19 5 5 194 6 5 , 169143.5307499996
5 17 15 2 4 132 5 6 2 121 15 8 6 92 13 2 6 133 20 6 6 188 16 3 6 213 10 1 , 178680.89224999992
6 85 18 5 5 165 6 8 6 303 16 3 5 84 5 8 2 197 13 5 1 221 19 8 2 268 20 4 , 177688.24199999942
5 103 16 8 4 207 7 8 4 245 15 6 6 219 10 8 6 89 2 7 3 75 8 8 5 254 3 2 , 124451.76275000002
3 109 5 7 6 292 8 3 5 62 14 5 5 298 5 6 4 216 15 4 1 39 5 7 2 242 2 7 , 121424.3375000002
3 89 1 4 4 246 11 6 3 317 7 6 1 65 11 3 6 212 10 2 2 88 1 3 3 34 15 5 , 112449.87675000008
6 268 13 3 6 310 6 8 1 243 5 7 5 224 14 5 1 202 7 6 2 36 15 8 4 266 1 5 , 136717.21324999921
4 231 13 4 4 117 11 2 6 111 18 7 4 33 12 3 5 260 10 5 6 296 6 5 1 227 15 7 , 162284.70599999942
4 42 9 7 3 302 2 1 6 238 3 6 5 41 5 5 3 129 13 1 5 274 4 2 5 190 16 4 , 107472.46800000023
4 204 10 1 2 129 6 1 5 162 6 4 4 77 6 8 6 55 3 7 2 289 12 2 2 185 10 1 , 152108.2939999997
1 176 8 1 5 202 17 8 2 46 7 2 2 43 15 2 5 215 13 5 4 133 4 1 5 207 2 1 , 138015.62250000006
3 301 12 7 6 189 2 1 1 75 20 1 2 153 15 7 3 256 18 3 6 167 16 5 4 263 7 5 , 178082.9414999998
4 273 7 7 3 88 10 7 6 150 13 5 4 211 16 7 4 282 6 4 4 128 8 8 5 107 15 2 , 151812.65299999993
3 66 11 5 2 42 18 8 4 153 13 8 2 138 17 3 6 33 16 6 5 226 10 3 6 90 11 8 , 191951.87375000102
2 43 10 5 4 95 16 1 2 262 19 6 5 106 3 1 6 253 15 5 3 126 17 5 6 248 14 5 , 205708.40049999877
6 218 6 1 3 99 12 7 4 157 7 5 4 130 12 3 4 211 1 6 5 311 17 6 4 71 17 7 , 185211.88049999968
1 271 18 6 6 32 6 8 3 176 13 8 5 95 3 2 5 261 2 4 4 209 3 6 3 302 4 2 , 101575.02074999988
5 255 3 4 5 167 17 6 1 173 18 8 3 66 4 1 3 279 1 8 4 209 5 3 5 42 6 8 , 113867.69800000012
4 320 16 6 1 123 20 2 1 301 2 4 6 265 8 6 4 188 18 6 2 168 20 3 4 173 15 3 , 209206.4087500006
4 250 2 7 2 303 10 6 3 16 6 4 5 162 14 8 1 105 15 4 3 316 11 7 4 158 15 6 , 149149.89275000023
5 122 15 4 2 37 5 8 3 23 7 6 2 209 2 8 4 227 12 3 6 213 19 7 6 308 3 8 , 135164.15299999958
2 53 11 3 6 156 14 3 3 192 15 8 6 213 8 1 2 137 11 4 4 205 9 4 4 246 9 6 , 151622.96300000045
2 56 3 4 5 224 19 5 3 50 6 2 2 299 12 2 4 22 16 5 6 42 10 3 1 185 3 5 , 137694.5397500005
6 103 19 7 6 319 13 8 3 274 17 3 3 238 13 4 3 185 14 2 6 68 11 1 1 43 10 1 , 178977.0452499997
1 81 17 1 5 231 2 3 3 30 3 8 5 301 3 3 1 176 6 1 3 170 8 6 4 278 15 7 , 111225.7975000001
3 258 3 5 4 189 18 1 2 259 8 5 2 163 9 3 5 150 1 3 2 165 9 2 3 258 18 8 , 132184.54650000023
3 242 17 5 5 82 19 4 2 291 11 2 4 122 2 4 6 178 18 2 1 152 6 6 3 260 1 1 , 147437.14550000004
6 232 19 1 6 87 5 8 4 165 10 5 4 199 10 3 4 40 1 6 1 207 13 1 3 235 14 8 , 254350.19200000004
2 250 12 7 6 255 3 8 2 34 18 5 2 62 10 4 5 25 5 4 5 238 20 1 1 281 17 6 , 172130.1492500002
1 170 3 4 3 146 5 8 4 66 3 8 1 181 14 8 1 37 1 4 3 42 12 3 2 71 10 2 , 94425.38675000021
1 270 18 6 2 93 11 3 6 172 15 5 5 246 14 3 4 222 12 6 4 236 3 6 6 256 5 5 , 163562.69524999976
5 52 11 6 1 77 20 4 5 309 10 6 4 202 6 2 4 234 9 1 1 103 10 5 4 288 13 4 , 154505.03750000038
6 43 2 5 6 104 12 6 6 76 12 2 3 184 17 6 4 88 1 5 5 105 5 3 1 59 9 4 , 117018.79399999995
6 52 19 6 5 226 6 3 5 126 8 3 2 294 18 2 2 117 7 5 1 203 3 4 4 124 14 8 , 158479.4044999999
3 197 3 7 5 213 3 8 3 43 12 1 3 277 1 8 3 218 1 8 3 138 7 1 6 212 15 6 , 95482.61224999985
1 252 18 6 6 38 19 2 3 241 12 2 2 118 20 7 5 208 5 1 1 44 3 3 6 262 20 7 , 206939.49549999987
4 154 5 2 3 282 19 4 6 209 16 3 1 320 6 4 4 248 9 8 3 225 20 6 3 22 13 3 , 190070.2280000001
1 320 18 4 6 38 10 5 6 316 5 6 6 297 7 5 1 209 19 2 4 37 4 6 4 269 16 5 , 163571.71749999994
3 22 1 2 3 98 13 3 1 276 11 7 5 315 1 1 6 108 5 5 4 150 7 6 1 39 14 8 , 115968.14899999983
4 59 17 3 2 279 9 6 3 209 1 1 1 290 1 7 2 137 20 5 5 273 19 6 1 115 10 2 , 173674.24550000014
3 147 13 4 5 252 12 6 6 292 17 5 4 45 13 4 3 17 4 4 4 61 19 5 3 206 11 7 , 201649.58799999976
3 124 17 6 6 75 4 4 2 98 17 7 1 201 10 3 4 83 4 7 5 19 20 8 1 248 15 4 , 192339.91000000015
1 226 8 8 3 138 19 7 2 153 2 3 4 310 12 1 4 247 4 2 3 80 11 1 3 296 6 5 , 125003.19424999991
1 89 19 2 3 104 17 8 3 118 16 7 5 253 13 1 3 226 3 7 3 218 20 8 5 167 1 5 , 176307.08624999988
2 103 1 8 6 259 18 1 1 140 19 5 6 214 13 4 6 25 17 4 1 279 3 3 1 61 4 2 , 148953.4467499998
5 36 12 8 2 244 19 3 4 144 7 8 4 109 10 5 2 72 10 8 4 165 17 8 2 59 10 6 , 162311.0430000006
5 143 4 6 2 182 10 5 3 56 9 5 4 220 15 5 4 247 1 8 2 196 9 1 4 165 5 1 , 103389.49100000021
4 180 14 2 1 60 7 3 4 153 2 3 5 210 7 3 1 213 13 7 6 306 13 5 4 91 20 8 , 156552.6052499999
2 292 3 4 2 74 13 3 3 69 20 5 1 150 3 5 3 305 18 5 3 263 19 2 3 221 18 3 , 184392.6107500003
3 71 4 4 1 308 10 2 5 228 9 8 5 143 12 6 5 297 19 2 2 207 18 3 6 256 1 1 , 144026.1389999999
6 194 17 3 2 100 16 6 4 316 5 4 3 90 12 6 5 74 17 5 4 176 5 5 6 198 2 8 , 154295.6810000005
3 31 4 2 4 277 1 4 5 95 1 1 1 300 11 6 3 27 9 5 5 268 19 8 6 193 6 7 , 107815.08649999992
4 78 14 4 2 120 10 2 3 111 1 6 5 314 15 1 3 57 18 7 2 256 6 1 3 240 18 7 , 171740.89699999947
5 141 16 5 3 257 18 2 6 42 11 6 3 155 2 4 4 314 18 1 3 119 14 6 1 267 15 6 , 184266.23400000084
2 261 1 8 2 64 4 6 6 46 5 1 2 172 18 7 3 207 18 2 4 61 15 4 5 158 11 3 , 157832.39224999968
5 130 6 2 6 137 3 7 3 205 8 7 2 246 19 5 1 300 20 4 5 160 19 3 5 215 20 2 , 200381.14524999974
3 280 16 6 6 27 9 8 6 311 13 2 6 120 17 6 1 228 1 6 1 195 5 6 5 72 11 8 , 157222.6545000008
1 196 13 8 3 33 14 5 6 58 14 2 6 138 11 5 2 160 4 4 5 66 18 5 5 308 9 2 , 181374.63224999985
2 260 17 6 3 85 8 6 6 164 2 5 3 167 13 6 6 271 1 2 3 59 12 7 2 217 20 5 , 164386.46624999997
6 124 15 1 3 57 16 3 1 183 19 2 5 194 9 1 6 129 18 2 4 312 4 4 1 73 12 6 , 260800.06425000023
3 69 1 7 4 301 2 7 5 297 11 6 3 293 13 8 4 248 6 8 2 125 20 5 5 223 10 6 , 139450.40349999984
2 45 18 7 3 135 8 4 3 310 6 8 3 62 17 6 1 116 9 8 1 25 15 5 5 211 17 8 , 165576.55550000066
2 145 5 8 4 191 7 5 1 30 7 1 5 139 12 3 2 210 1 7 5 36 16 6 5 219 6 3 , 106803.40200000005
3 174 9 7 4 85 10 8 5 151 8 1 4 114 3 7 3 314 16 8 1 31 1 7 4 187 10 7 , 110154.62724999996
2 232 18 8 6 242 11 7 4 291 19 2 4 275 6 4 6 161 13 7 3 174 6 8 4 144 11 2 , 165136.31224999932
3 180 17 4 2 153 6 8 3 308 2 8 6 234 17 4 2 228 15 1 4 105 12 5 5 49 15 1 , 157522.9187499999
6 92 12 4 1 98 1 3 2 168 17 6 5 49 11 4 4 225 6 1 4 305 11 5 4 173 11 3 , 138729.06124999945
6 55 10 1 4 163 15 7 3 238 17 6 4 126 12 3 1 269 15 4 1 137 14 5 1 50 8 7 , 179628.72925
1 97 3 5 2 164 3 7 1 200 20 3 2 158 13 5 1 175 4 7 5 177 5 5 1 294 19 2 , 130757.85499999978
5 257 16 1 1 68 14 7 6 191 9 3 2 56 16 8 4 54 17 3 2 236 5 4 1 212 10 6 , 280765.88349999953
5 311 1 4 5 274 9 6 2 108 14 1 3 58 4 1 5 64 14 1 5 250 8 4 3 111 16 3 , 130025.5852499993
3 284 20 1 6 67 2 1 4 79 10 1 5 256 6 2 6 91 2 3 4 279 19 3 2 51 4 3 , 310946.75274999964
3 106 17 3 3 294 13 4 3 148 11 8 3 226 1 2 6 192 6 8 4 52 20 5 2 172 16 5 , 167367.11300000054
6 185 6 6 5 288 10 5 5 268 5 8 6 225 12 8 6 257 17 4 1 102 15 5 4 131 3 8 , 137990.92050000007
3 72 17 7 5 32 18 3 4 289 13 6 6 253 20 4 6 118 9 7 3 180 19 3 5 49 14 8 , 240538.8797500004
1 84 20 7 5 175 14 4 2 74 7 2 2 100 18 3 2 184 7 3 5 239 15 5 4 22 1 1 , 186431.36675000057
4 85 16 5 1 41 18 7 6 269 19 1 1 45 20 3 5 115 17 6 6 202 18 6 2 287 6 2 , 249148.6727500019
1 68 2 2 6 289 15 3 3 272 11 5 1 244 6 7 2 244 10 6 2 106 15 8 5 193 2 2 , 136294.15150000004
3 175 10 8 1 204 2 7 3 146 8 2 2 199 13 1 5 255 11 8 1 49 19 2 5 93 2 3 , 147848.69049999985
5 259 13 4 5 90 10 6 2 68 7 5 4 42 19 3 5 46 5 6 6 43 9 7 4 285 20 8 , 184160.67225000093
6 168 3 2 2 45 11 4 6 276 9 2 5 25 19 5 3 213 8 6 4 62 17 7 6 137 14 2 , 182882.41325
6 291 15 2 4 243 12 3 4 101 10 4 3 287 11 2 2 192 20 1 6 68 4 6 4 238 14 3 , 165827.77599999882
5 92 12 7 3 32 16 2 3 17 9 7 2 68 5 7 4 175 2 7 4 216 2 7 2 201 19 7 , 128662.89425000042
3 233 7 7 5 165 14 4 2 125 10 8 2 151 14 3 2 119 18 1 2 124 13 2 5 61 5 4 , 228908.44600000005
6 55 20 3 1 162 19 6 6 231 8 1 2 107 3 2 4 44 4 2 2 38 7 8 4 305 5 4 , 124841.40474999987
4 199 14 7 5 108 6 6 1 166 5 8 5 240 12 8 1 250 14 4 3 231 3 4 1 144 2 1 , 102817.58000000019
5 185 1 5 1 269 18 7 4 98 8 8 6 164 19 6 6 99 5 1 3 240 10 5 3 158 12 1 , 140786.34125000026
4 58 11 1 1 57 2 6 6 160 9 7 4 295 2 2 3 47 4 2 2 121 1 8 1 250 9 7 , 75264.21949999977
1 131 13 6 2 113 3 8 3 204 12 1 4 241 20 4 2 24 11 7 5 20 2 3 1 39 11 2 , 147717.46299999958
5 159 18 3 2 208 11 1 6 154 14 1 3 251 18 3 4 217 4 2 3 61 17 2 2 314 5 7 , 176884.39200000063
1 256 12 4 6 256 2 2 6 102 14 2 5 35 19 3 6 156 8 6 3 168 2 3 1 296 17 7 , 142502.90675000002
4 67 6 2 6 133 4 3 3 292 17 2 3 27 13 3 6 35 10 8 3 137 18 6 5 157 17 7 , 166880.65724999981
3 106 2 6 4 295 10 3 4 288 17 5 2 26 12 4 5 47 17 5 2 22 15 4 1 128 5 7 , 170026.78599999996
1 282 5 3 5 24 5 8 6 28 8 2 2 80 15 7 2 310 16 4 5 257 11 3 4 93 6 3 , 143449.2887499996
2 109 2 8 3 51 5 4 3 110 9 5 1 123 14 4 3 37 13 5 6 204 5 7 5 314 3 5 , 106904.63675000027
5 88 5 6 1 250 1 3 4 139 6 8 3 114 13 5 1 39 7 7 5 314 17 8 4 45 3 2 , 108267.73400000003
5 57 19 1 4 60 7 3 4 223 7 5 1 71 20 4 4 109 1 3 5 304 6 3 6 126 1 1 , 139281.78624999992
2 139 20 7 4 32 7 2 4 63 20 5 3 84 6 6 2 258 14 5 2 76 2 7 1 73 2 5 , 148419.87375000017
6 139 15 5 4 111 19 4 4 63 7 2 5 229 16 3 1 228 11 6 6 57 15 5 6 98 11 2 , 199864.839
4 70 19 2 2 55 7 6 6 41 16 3 5 107 18 6 4 92 4 4 5 250 9 5 6 32 7 6 , 173454.29924999978
1 260 4 4 3 270 4 3 1 159 10 6 4 205 17 3 2 163 14 7 4 120 1 6 3 238 9 8 , 133916.87700000015
5 225 16 7 4 219 4 7 1 287 11 4 2 26 12 5 5 138 1 6 5 286 9 2 2 244 9 6 , 129895.92099999986
2 225 3 2 5 131 14 2 6 118 16 7 2 274 14 1 3 301 2 8 4 249 6 8 3 53 19 4 , 146798.8582499994
2 186 12 7 2 318 15 8 4 48 18 7 2 89 19 4 4 47 8 4 6 84 10 8 5 289 17 6 , 195235.7479999997
6 53 1 1 3 51 8 2 4 98 19 4 4 229 2 1 4 161 7 6 1 171 16 7 4 211 18 8 , 152044.77024999983
1 110 18 5 6 267 8 8 5 36 9 1 2 204 9 7 6 22 19 6 5 32 6 1 2 241 10 3 , 164377.40450000053
3 180 2 6 1 79 3 6 6 207 18 6 6 315 4 2 2 266 11 8 6 28 19 2 4 258 7 8 , 128411.91174999997
3 193 8 7 2 24 14 4 3 156 6 1 5 87 15 6 4 151 8 2 4 23 20 8 4 38 10 3 , 154865.95149999997
5 178 1 7 4 141 19 4 2 223 12 2 4 229 1 5 2 121 5 3 6 227 5 2 6 76 10 6 , 127564.19800000008
3 89 9 4 6 30 3 7 3 112 5 6 2 303 20 6 5 178 4 6 4 86 14 5 1 262 1 8 , 110202.52174999993
6 182 8 4 1 22 8 4 3 229 12 1 2 115 17 1 3 59 14 3 3 93 7 7 5 135 15 5 , 193982.02424999946
5 208 6 6 6 100 17 1 1 295 11 7 6 242 20 1 5 62 19 5 2 149 13 6 2 71 2 1 , 183870.66775000005
3 96 3 4 4 52 18 5 6 207 16 4 6 279 6 2 2 54 7 4 3 109 4 6 4 79 1 8 , 112741.36399999974
2 105 20 3 1 276 12 3 5 225 11 3 6 143 20 8 6 170 10 3 2 53 8 5 5 255 6 3 , 182152.2519999998
3 119 16 7 2 210 7 2 4 201 17 6 2 255 12 6 4 219 19 5 5 249 18 2 4 181 20 5 , 222268.2414999999
4 271 10 1 5 277 5 7 6 228 20 3 2 311 5 7 6 265 10 7 6 76 5 8 2 211 11 6 , 175037.59024999995
2 24 3 5 6 59 4 3 6 250 8 3 5 46 15 8 1 306 19 7 6 237 9 3 1 248 16 2 , 164517.15575000006
1 197 15 7 3 25 1 7 3 189 7 7 1 31 19 8 3 168 18 6 5 250 17 8 3 320 2 1 , 168781.45949999976
5 159 5 1 5 44 6 3 2 199 4 5 4 153 7 1 3 122 14 2 6 47 15 8 6 124 20 4 , 151491.63224999915
1 293 15 1 6 188 16 1 4 116 10 8 2 318 20 5 4 291 7 7 4 294 11 4 4 145 7 4 , 299813.6225000005
2 103 8 2 4 70 1 2 4 142 20 2 1 312 1 2 6 221 18 7 3 95 17 3 3 77 6 7 , 147306.27074999953
1 222 14 1 2 178 14 7 2 31 18 4 3 45 2 1 4 286 2 2 6 58 9 8 6 165 6 5 , 149818.92700000067
6 270 5 4 1 243 20 5 6 118 2 2 2 240 5 6 3 197 19 7 2 135 3 2 3 226 18 5 , 130671.76925000013
2 119 1 1 1 139 7 6 3 282 19 5 2 66 17 7 6 318 4 8 3 134 5 5 3 259 20 3 , 144797.738
5 107 17 2 3 44 10 7 3 302 6 6 4 93 14 8 6 267 7 8 5 101 5 5 6 168 16 7 , 147358.13074999934
1 32 2 8 4 17 19 4 4 21 3 1 6 317 10 2 2 75 10 8 6 207 18 4 1 289 7 2 , 136648.0647499998
1 21 13 8 6 180 17 4 6 69 3 7 2 201 20 2 6 288 15 7 1 110 16 3 1 318 11 1 , 187618.54499999993
5 121 6 8 5 101 9 1 5 288 6 5 5 42 14 7 5 101 14 3 3 276 12 7 6 179 2 6 , 128565.20325000053
5 216 1 5 5 217 18 5 3 117 3 6 4 293 17 4 5 132 19 5 6 132 7 5 1 106 18 2 , 163395.1434999994
4 102 5 5 6 59 2 8 6 225 6 4 2 34 15 2 5 305 10 8 2 101 4 4 4 90 8 8 , 103799.55850000022
1 32 2 3 5 256 20 6 4 280 17 5 5 166 9 2 5 95 3 7 5 299 12 6 6 252 19 4 , 178531.70900000073
2 53 16 6 4 158 14 8 4 203 5 2 1 247 11 1 2 48 8 8 5 254 8 1 3 62 4 1 , 133243.92349999992
4 236 20 8 3 134 6 4 1 256 9 2 5 284 19 7 4 28 12 4 2 145 1 8 2 41 17 2 , 172840.07799999954
3 166 2 5 1 229 13 6 1 290 20 4 1 198 2 6 6 75 15 7 4 71 6 3 4 83 5 8 , 137305.51850000027
2 72 4 2 2 91 5 6 2 244 15 8 5 229 7 8 6 104 10 3 5 46 17 5 4 221 1 7 , 126198.83224999998
4 237 1 5 5 21 2 3 1 312 4 6 4 46 19 2 1 104 10 5 3 157 8 8 6 148 2 7 , 98929.47975000016
3 276 13 4 4 29 4 2 2 252 9 4 2 55 10 4 6 50 13 1 3 179 15 4 3 59 9 8 , 156914.27724999987
2 174 16 5 3 27 8 7 6 286 19 6 6 281 3 1 1 148 4 2 3 81 10 3 1 306 14 4 , 163487.50449999922
2 154 5 3 5 174 12 2 2 235 16 3 5 277 11 8 2 124 10 2 5 24 7 6 6 125 3 6 , 132611.3100000001
2 269 6 5 3 228 9 4 6 165 10 8 5 25 13 7 2 109 8 5 3 128 20 2 5 137 5 7 , 156043.3752499999
2 128 19 3 6 142 1 1 6 275 12 8 2 160 14 8 1 200 5 6 1 235 5 3 4 209 11 1 , 154695.83675000095
5 179 16 5 6 163 10 7 2 294 12 8 3 186 3 5 5 320 6 5 3 198 4 7 3 308 6 3 , 106821.80225000012
2 237 10 6 2 79 4 3 1 159 4 7 6 155 20 7 4 42 1 4 1 243 12 6 1 98 4 8 , 105339.90949999978
5 182 15 1 2 316 1 2 2 90 3 3 5 200 9 6 4 68 12 7 1 55 20 6 1 279 1 8 , 183250.79925
6 81 9 6 6 303 7 5 1 283 4 7 3 133 14 1 2 229 20 2 2 153 12 7 6 277 12 5 , 150994.2687500001
6 304 7 6 6 313 11 7 3 160 4 8 4 84 18 7 3 305 8 5 4 320 11 2 3 193 6 3 , 133313.8092500003
4 223 13 2 2 291 10 8 2 255 12 1 4 300 3 1 3 278 13 4 2 167 14 3 2 82 9 3 , 178832.77200000058
3 189 8 1 4 39 12 3 6 311 14 3 5 60 6 8 4 152 6 3 4 166 14 4 4 33 12 4 , 148854.1157499998
5 240 11 2 1 215 3 8 3 55 9 6 3 72 14 6 2 221 16 6 1 44 11 7 5 24 2 5 , 134548.91100000014
4 311 2 5 2 180 12 3 2 130 16 6 6 23 10 3 3 123 9 3 5 207 16 6 2 168 16 5 , 157798.29300000024
5 200 16 3 1 135 1 3 3 155 16 4 2 50 4 8 4 146 3 4 1 229 20 5 1 25 12 1 , 151704.38674999992
3 86 4 2 2 224 6 2 6 234 19 5 2 269 8 1 3 202 9 3 5 64 9 4 1 86 14 5 , 135164.2409999999
1 315 5 6 6 28 8 7 2 114 19 4 4 303 20 8 4 167 20 4 1 240 3 5 1 156 1 4 , 155955.47825000028
1 257 20 2 5 40 7 4 4 285 10 3 4 196 9 3 1 161 16 4 2 279 12 3 6 231 10 2 , 170661.60650000005
1 20 2 1 6 25 18 2 6 286 2 7 2 96 12 5 6 81 18 1 3 251 18 2 4 150 14 2 , 175451.75850000023
3 205 9 4 1 289 13 5 3 169 3 8 1 159 3 7 4 33 4 4 6 163 2 6 5 316 4 5 , 84393.40350000016
6 35 13 1 6 19 1 8 5 290 13 1 1 202 16 5 4 204 14 8 5 215 4 5 3 109 17 1 , 180034.7452499998
1 44 7 1 5 230 1 4 4 103 16 8 4 113 5 3 3 279 7 6 3 20 16 3 4 279 10 1 , 132157.4457499998
2 191 18 4 6 224 9 4 2 80 1 2 1 159 9 6 3 231 1 1 2 210 15 5 3 45 20 8 , 160885.82099999968
5 269 2 3 1 34 10 7 3 262 14 3 3 27 18 6 3 239 4 4 3 305 2 8 6 249 4 1 , 117834.12975000002
4 191 20 8 4 262 2 3 2 78 11 8 5 164 13 8 3 131 14 1 4 100 7 7 3 53 8 6 , 167744.28424999907
3 240 17 3 2 239 4 2 5 16 3 3 1 18 16 2 1 240 3 4 1 133 5 3 4 126 18 5 , 129458.33474999925
5 211 15 2 3 227 13 5 3 41 5 7 4 177 13 1 2 120 16 8 6 116 2 1 1 18 15 2 , 154490.0927500003
4 276 6 3 1 297 5 1 4 205 7 2 4 217 4 8 6 17 13 1 3 177 17 8 3 288 9 7 , 130966.74600000019
1 320 8 2 2 92 14 8 4 222 4 1 1 154 11 2 3 234 3 2 5 92 8 4 5 169 13 5 , 121048.82149999989
1 37 11 7 3 25 20 1 6 309 14 2 3 81 13 8 6 172 1 3 6 273 12 8 1 23 19 4 , 174075.56599999958
4 18 11 2 2 75 2 2 5 200 10 6 3 136 14 6 3 94 6 5 1 271 8 1 4 261 13 6 , 128868.46500000016
3 212 4 4 5 71 20 1 1 196 4 1 3 262 2 5 2 131 8 5 4 314 9 5 2 254 9 5 , 110101.40475000002
1 31 3 4 3 185 19 7 6 85 2 4 3 202 10 6 1 115 10 6 6 195 11 1 3 52 20 3 , 155596.37824999957
2 26 5 5 5 141 13 4 3 112 11 6 2 40 17 6 3 167 18 8 6 64 19 1 6 212 6 6 , 176415.48100000012
1 105 14 5 3 201 2 6 5 18 9 6 3 184 2 4 3 31 8 4 1 100 13 6 4 130 4 1 , 104241.30200000005
6 59 12 3 3 87 6 2 6 277 12 8 1 103 10 3 3 236 20 2 5 258 6 6 3 193 1 1 , 143058.0572499997
3 317 6 6 2 310 14 2 1 148 4 5 1 128 4 5 5 40 5 3 4 309 2 6 5 295 12 6 , 98794.61250000002
6 254 8 4 6 270 5 4 6 34 16 8 1 124 1 1 3 262 1 7 5 299 17 1 5 128 7 7 , 118855.6657499999
6 73 18 6 2 137 12 5 2 243 4 1 3 108 5 8 2 182 1 4 3 289 4 6 3 307 16 3 , 125120.8930000003
6 251 13 7 5 107 4 6 6 247 16 2 4 139 12 7 4 262 10 2 1 106 18 6 5 185 17 3 , 187580.53399999978
1 105 9 5 6 49 12 1 6 268 14 5 6 202 12 3 1 173 18 6 2 29 7 3 1 251 20 8 , 190382.85575
3 199 12 3 2 261 14 1 3 259 1 7 3 29 12 1 5 171 8 6 3 210 2 6 5 85 1 6 , 115048.07374999994
3 146 10 7 5 206 14 3 6 264 5 3 1 251 13 6 4 294 2 1 6 267 15 7 1 258 18 8 , 178562.56000000043
3 170 14 6 6 116 18 5 5 316 17 3 4 319 12 7 1 258 16 5 3 304 17 8 3 145 9 4 , 224518.12500000052
6 120 15 6 5 67 3 4 5 56 11 8 2 60 15 7 6 189 1 3 5 200 10 4 6 231 2 5 , 127138.18399999988
1 107 6 2 6 186 12 6 2 200 1 4 3 48 2 1 3 141 5 2 1 48 15 6 2 158 2 4 , 81179.49524999996
6 318 12 2 5 233 20 7 2 163 13 4 4 76 8 2 6 304 19 7 4 114 2 8 6 152 18 3 , 214641.7400000004
2 215 4 7 1 214 1 2 4 209 3 1 4 209 17 1 6 220 5 7 6 75 4 4 6 106 8 2 , 86447.78899999998
2 181 4 5 5 170 4 4 5 213 16 2 5 161 15 1 6 269 15 6 2 187 12 2 1 22 4 5 , 134823.24875000003
1 41 8 6 3 288 4 7 2 227 18 4 2 88 15 5 3 155 13 6 1 133 6 4 1 182 8 7 , 139840.92774999974
4 319 14 6 5 119 5 3 2 265 13 5 6 253 2 8 4 49 20 5 5 297 14 1 3 29 7 4 , 159871.88749999966
6 23 7 2 6 22 9 2 6 299 1 5 6 137 7 8 2 96 2 5 6 291 4 3 6 120 20 3 , 99908.69999999998
5 72 1 4 5 208 7 5 3 124 1 5 4 48 18 3 5 288 16 4 1 278 15 8 4 231 15 6 , 147585.39349999966
4 186 2 7 3 320 7 3 5 204 10 2 5 183 16 7 3 266 13 5 5 281 15 3 3 266 18 5 , 152107.10725000055
6 180 6 5 4 87 10 6 2 267 12 8 4 68 10 8 3 20 19 5 6 45 19 5 2 41 7 3 , 165943.2334999996
3 243 7 4 3 239 5 6 4 110 10 1 1 118 17 4 4 147 15 2 5 109 13 5 1 287 6 6 , 150457.86124999987
4 296 5 5 6 138 3 3 3 31 7 5 5 284 7 8 6 89 5 8 2 126 9 6 5 81 14 5 , 98024.0745000001
6 130 11 1 3 110 19 5 1 68 4 1 1 288 6 2 1 208 16 8 1 30 19 3 2 275 7 1 , 208776.47474999988
1 43 11 2 6 218 4 6 6 218 10 5 3 154 4 4 1 87 4 5 1 28 13 4 5 311 6 3 , 112418.22149999981
3 149 1 5 6 139 15 4 1 232 18 6 2 238 19 7 4 38 18 7 1 194 17 3 3 297 18 8 , 241539.7145000003
3 277 17 2 5 285 5 1 2 272 5 7 1 217 5 4 4 275 11 5 3 261 15 6 5 165 8 1 , 168730.5372499997
5 183 20 3 5 181 6 1 5 269 4 3 1 24 3 2 4 45 20 7 4 82 2 6 4 181 9 7 , 173992.7107500003
2 81 2 4 6 202 6 4 1 149 1 3 5 283 12 4 2 211 20 2 2 73 15 2 6 56 10 4 , 152307.69549999968
3 39 11 5 2 85 16 6 6 75 8 4 4 157 18 4 5 42 15 7 4 244 13 7 5 136 12 3 , 207551.8057499996
6 197 15 1 4 70 14 8 6 185 17 5 4 80 16 4 3 183 19 2 5 227 1 3 2 193 15 5 , 342592.7912499982
