4 277 1 4 1 56 3 5 5 44 11 8 4 222 17 1 2 154 5 2 3 299 3 2 1 175 20 2 , 103395.71825
3 234 2 3 1 71 12 5 3 260 9 8 5 47 19 3 6 129 2 8 1 143 11 8 3 289 4 2 , 101085.10025000022
4 205 20 3 1 18 16 1 2 117 7 7 3 61 12 4 6 35 2 3 6 174 10 3 2 220 6 5 , 129429.53249999916
5 247 15 7 4 75 14 2 2 59 12 8 3 47 11 3 6 219 16 3 1 101 7 8 4 316 16 1 , 159213.1002500011
6 187 9 7 6 151 7 5 4 168 1 4 6 177 18 5 1 75 6 5 6 275 19 3 5 145 11 5 , 130935.43225000054
3 214 19 7 1 308 13 6 1 264 9 7 5 112 20 8 6 151 5 5 2 75 19 5 5 63 19 3 , 175102.61975000025
3 115 7 5 3 102 5 4 4 168 15 1 6 257 9 2 3 72 12 5 1 98 12 2 5 121 11 8 , 123804.73575000033
6 88 19 2 3 139 17 1 3 76 8 4 1 256 12 5 1 212 13 1 6 35 3 8 2 36 18 4 , 167051.03550000003
2 306 5 1 3 101 10 1 5 237 3 3 4 305 20 2 4 24 10 6 3 126 5 2 2 79 16 8 , 207403.18949999943
2 264 10 8 3 176 12 5 6 221 9 8 6 89 2 8 6 237 15 7 1 268 3 6 3 35 14 3 , 123535.41925000033
6 87 7 5 6 311 6 2 6 117 20 6 4 85 14 4 3 129 5 3 6 47 13 1 4 17 16 4 , 154908.35224999944
1 35 14 1 3 118 5 5 2 41 5 5 6 220 12 1 4 66 5 2 6 89 6 1 6 237 12 1 , 125167.54225000007
6 37 10 7 5 294 9 2 4 163 5 7 3 28 20 6 1 320 10 3 4 146 17 5 1 83 7 5 , 165613.2420000001
5 301 13 5 3 197 8 2 2 214 3 5 3 69 6 5 1 283 15 1 5 304 14 4 3 205 7 2 , 125402.2260000002
6 293 7 3 3 156 6 1 6 55 16 3 6 148 14 1 6 140 18 2 3 245 19 3 5 207 16 2 , 190790.80474999995
5 94 17 4 4 194 1 6 2 44 19 2 1 168 10 5 5 64 15 8 4 82 6 7 5 218 1 3 , 147231.0282500001
4 176 12 6 4 156 8 3 3 263 20 5 4 96 18 7 1 310 16 1 5 263 15 7 6 239 1 6 , 182418.3704999999
6 108 19 6 1 132 10 7 3 105 6 2 1 103 7 1 4 228 8 7 2 71 4 2 1 51 13 2 , 147812.45299999986
3 253 13 3 5 278 9 6 2 231 8 6 2 127 14 5 4 262 8 8 1 49 3 2 3 103 19 5 , 159394.3454999998
2 252 14 1 3 96 11 6 1 93 8 8 5 230 19 5 1 305 13 5 4 230 4 5 2 192 1 5 , 220485.30100000027
4 277 1 4 1 56 3 5 5 44 11 8 4 222 17 1 2 154 5 2 3 299 3 2 1 175 20 2 , 103058.23774999968
3 234 2 3 1 71 12 5 3 260 9 8 5 47 19 3 6 129 2 8 1 143 11 8 3 289 4 2 , 101341.81899999986
4 205 20 3 1 18 16 1 2 117 7 7 3 61 12 4 6 35 2 3 6 174 10 3 2 220 6 5 , 128972.26999999967
5 247 15 7 4 75 14 2 2 59 12 8 3 47 11 3 6 219 16 3 1 101 7 8 4 316 16 1 , 160233.89949999994
6 187 9 7 6 151 7 5 4 168 1 4 6 177 18 5 1 75 6 5 6 275 19 3 5 145 11 5 , 134013.99950000035
3 214 19 7 1 308 13 6 1 264 9 7 5 112 20 8 6 151 5 5 2 75 19 5 5 63 19 3 , 192149.9755
3 115 7 5 3 102 5 4 4 168 15 1 6 257 9 2 3 72 12 5 1 98 12 2 5 121 11 8 , 130033.1597499997
6 88 19 2 3 139 17 1 3 76 8 4 1 256 12 5 1 212 13 1 6 35 3 8 2 36 18 4 , 161735.96299999958
2 306 5 1 3 101 10 1 5 237 3 3 4 305 20 2 4 24 10 6 3 126 5 2 2 79 16 8 , 142591.91024999903
2 264 10 8 3 176 12 5 6 221 9 8 6 89 2 8 6 237 15 7 1 268 3 6 3 35 14 3 , 123622.64699999985
6 87 7 5 6 311 6 2 6 117 20 6 4 85 14 4 3 129 5 3 6 47 13 1 4 17 16 4 , 161964.2934999991
1 35 14 1 3 118 5 5 2 41 5 5 6 220 12 1 4 66 5 2 6 89 6 1 6 237 12 1 , 120735.12524999966
6 37 10 7 5 294 9 2 4 163 5 7 3 28 20 6 1 320 10 3 4 146 17 5 1 83 7 5 , 165239.75625000033
5 301 13 5 3 197 8 2 2 214 3 5 3 69 6 5 1 283 15 1 5 304 14 4 3 205 7 2 , 139894.2342499997
6 293 7 3 3 156 6 1 6 55 16 3 6 148 14 1 6 140 18 2 3 245 19 3 5 207 16 2 , 206010.42049999934
5 94 17 4 4 194 1 6 2 44 19 2 1 168 10 5 5 64 15 8 4 82 6 7 5 218 1 3 , 147406.9527499999
4 176 12 6 4 156 8 3 3 263 20 5 4 96 18 7 1 310 16 1 5 263 15 7 6 239 1 6 , 178201.8507500002
6 108 19 6 1 132 10 7 3 105 6 2 1 103 7 1 4 228 8 7 2 71 4 2 1 51 13 2 , 145872.44224999976
3 253 13 3 5 278 9 6 2 231 8 6 2 127 14 5 4 262 8 8 1 49 3 2 3 103 19 5 , 153364.30525000033
2 252 14 1 3 96 11 6 1 93 8 8 5 230 19 5 1 305 13 5 4 230 4 5 2 192 1 5 , 218691.52000000014
1 128 12 8 6 260 3 2 4 184 18 6 4 295 14 4 3 273 9 8 5 112 9 8 4 290 19 4 , 158030.06850000034
6 318 19 4 2 314 18 8 1 225 2 1 6 135 9 6 4 92 13 5 1 31 5 5 6 285 14 4 , 172261.5637500005
1 172 12 8 6 188 11 3 2 307 7 8 6 237 1 1 6 87 19 7 6 90 14 5 5 144 7 3 , 124876.30049999976
2 206 20 1 2 281 7 3 6 216 15 5 2 130 11 4 3 292 6 1 1 284 20 3 1 68 20 1 , 231785.96149999992
5 56 13 4 6 308 15 3 6 148 11 5 6 103 11 1 5 52 2 5 2 190 10 7 1 309 14 6 , 137283.88349999939
2 257 8 8 1 256 19 5 5 69 2 2 4 240 10 6 3 130 20 2 5 219 4 8 4 55 14 3 , 141943.3519999996
2 55 11 5 6 234 9 3 5 73 19 5 2 137 18 7 1 281 14 7 5 242 13 4 6 130 15 6 , 180121.27124999987
2 282 2 4 1 144 1 6 1 155 17 3 3 118 1 6 4 142 18 8 2 233 7 3 2 207 14 3 , 116051.3230000002
6 139 16 2 4 247 14 8 5 206 12 2 2 109 7 6 2 63 2 4 1 16 7 4 5 169 5 3 , 120126.54925000013
3 64 6 7 1 153 10 3 3 198 10 1 6 108 18 1 2 91 11 7 4 273 16 5 2 43 4 6 , 137790.4900000001
5 143 13 4 1 170 16 8 1 275 13 1 1 69 17 3 5 23 2 5 4 90 13 3 6 237 20 7 , 191113.34174999915
2 238 18 8 6 116 14 8 5 204 14 4 1 106 11 6 4 84 14 3 3 252 19 3 2 259 19 8 , 212726.2515000002
6 227 20 4 4 193 2 5 4 47 11 5 3 278 7 6 3 129 2 2 5 166 12 2 3 296 18 8 , 143559.60349999985
5 234 14 8 2 103 9 1 2 64 5 7 4 166 3 6 6 301 9 3 1 224 6 5 5 129 19 4 , 138001.3409999998
6 16 11 8 5 241 2 1 4 272 7 1 6 300 5 3 5 163 12 4 4 244 7 6 5 194 12 7 , 118568.42149999976
3 66 4 4 4 272 20 6 6 237 16 4 4 151 11 3 4 262 2 3 6 19 14 7 4 75 18 5 , 186366.21875000128
1 74 20 4 2 152 6 8 3 232 13 4 1 152 6 4 3 274 11 6 5 64 4 5 5 225 10 3 , 148458.55199999938
1 71 16 7 3 139 6 4 2 87 19 7 3 67 14 3 4 260 6 5 1 164 17 2 2 41 12 3 , 201206.9527499995
3 173 7 2 4 121 12 3 4 258 13 3 2 232 8 7 3 76 4 7 3 307 6 2 4 36 9 6 , 125218.79950000008
4 256 9 4 1 20 19 2 5 229 16 2 3 124 13 5 1 125 5 8 4 22 13 5 2 63 2 3 , 162496.70899999948
1 128 12 8 6 260 3 2 4 184 18 6 4 295 14 4 3 273 9 8 5 112 9 8 4 290 19 4 , 156954.31050000124
6 318 19 4 2 314 18 8 1 225 2 1 6 135 9 6 4 92 13 5 1 31 5 5 6 285 14 4 , 143057.11649999948
1 172 12 8 6 188 11 3 2 307 7 8 6 237 1 1 6 87 19 7 6 90 14 5 5 144 7 3 , 124779.78350000002
2 206 20 1 2 281 7 3 6 216 15 5 2 130 11 4 3 292 6 1 1 284 20 3 1 68 20 1 , 210267.65974999988
5 56 13 4 6 308 15 3 6 148 11 5 6 103 11 1 5 52 2 5 2 190 10 7 1 309 14 6 , 139183.01200000028
2 257 8 8 1 256 19 5 5 69 2 2 4 240 10 6 3 130 20 2 5 219 4 8 4 55 14 3 , 142148.42099999994
2 55 11 5 6 234 9 3 5 73 19 5 2 137 18 7 1 281 14 7 5 242 13 4 6 130 15 6 , 184058.1322499997
2 282 2 4 1 144 1 6 1 155 17 3 3 118 1 6 4 142 18 8 2 233 7 3 2 207 14 3 , 112933.61899999992
6 139 16 2 4 247 14 8 5 206 12 2 2 109 7 6 2 63 2 4 1 16 7 4 5 169 5 3 , 125743.22700000012
3 64 6 7 1 153 10 3 3 198 10 1 6 108 18 1 2 91 11 7 4 273 16 5 2 43 4 6 , 139643.18924999982
5 143 13 4 1 170 16 8 1 275 13 1 1 69 17 3 5 23 2 5 4 90 13 3 6 237 20 7 , 186921.28225000078
2 238 18 8 6 116 14 8 5 204 14 4 1 106 11 6 4 84 14 3 3 252 19 3 2 259 19 8 , 212148.9450000013
6 227 20 4 4 193 2 5 4 47 11 5 3 278 7 6 3 129 2 2 5 166 12 2 3 296 18 8 , 151126.47250000032
5 234 14 8 2 103 9 1 2 64 5 7 4 166 3 6 6 301 9 3 1 224 6 5 5 129 19 4 , 140787.4677499996
6 16 11 8 5 241 2 1 4 272 7 1 6 300 5 3 5 163 12 4 4 244 7 6 5 194 12 7 , 115241.57100000017
3 66 4 4 4 272 20 6 6 237 16 4 4 151 11 3 4 262 2 3 6 19 14 7 4 75 18 5 , 174754.14999999985
1 74 20 4 2 152 6 8 3 232 13 4 1 152 6 4 3 274 11 6 5 64 4 5 5 225 10 3 , 148262.7347499998
1 71 16 7 3 139 6 4 2 87 19 7 3 67 14 3 4 260 6 5 1 164 17 2 2 41 12 3 , 185960.55425000045
3 173 7 2 4 121 12 3 4 258 13 3 2 232 8 7 3 76 4 7 3 307 6 2 4 36 9 6 , 129318.3339999999
4 256 9 4 1 20 19 2 5 229 16 2 3 124 13 5 1 125 5 8 4 22 13 5 2 63 2 3 , 160912.04500000074
1 128 12 8 6 260 3 2 4 184 18 6 4 295 14 4 3 273 9 8 5 112 9 8 4 290 19 4 , 152581.05175000033
6 318 19 4 2 314 18 8 1 225 2 1 6 135 9 6 4 92 13 5 1 31 5 5 6 285 14 4 , 148404.44650000005
1 172 12 8 6 188 11 3 2 307 7 8 6 237 1 1 6 87 19 7 6 90 14 5 5 144 7 3 , 125498.70725000012
2 206 20 1 2 281 7 3 6 216 15 5 2 130 11 4 3 292 6 1 1 284 20 3 1 68 20 1 , 246225.01599999992
5 56 13 4 6 308 15 3 6 148 11 5 6 103 11 1 5 52 2 5 2 190 10 7 1 309 14 6 , 143384.9112500002
2 257 8 8 1 256 19 5 5 69 2 2 4 240 10 6 3 130 20 2 5 219 4 8 4 55 14 3 , 139277.19350000034
2 55 11 5 6 234 9 3 5 73 19 5 2 137 18 7 1 281 14 7 5 242 13 4 6 130 15 6 , 188040.65950000077
2 282 2 4 1 144 1 6 1 155 17 3 3 118 1 6 4 142 18 8 2 233 7 3 2 207 14 3 , 117122.51399999997
6 139 16 2 4 247 14 8 5 206 12 2 2 109 7 6 2 63 2 4 1 16 7 4 5 169 5 3 , 121086.50224999983
3 64 6 7 1 153 10 3 3 198 10 1 6 108 18 1 2 91 11 7 4 273 16 5 2 43 4 6 , 142533.18549999915
5 143 13 4 1 170 16 8 1 275 13 1 1 69 17 3 5 23 2 5 4 90 13 3 6 237 20 7 , 188509.6690000003
2 238 18 8 6 116 14 8 5 204 14 4 1 106 11 6 4 84 14 3 3 252 19 3 2 259 19 8 , 214853.7864999994
6 227 20 4 4 193 2 5 4 47 11 5 3 278 7 6 3 129 2 2 5 166 12 2 3 296 18 8 , 147002.24950000044
5 234 14 8 2 103 9 1 2 64 5 7 4 166 3 6 6 301 9 3 1 224 6 5 5 129 19 4 , 132164.53574999992
6 16 11 8 5 241 2 1 4 272 7 1 6 300 5 3 5 163 12 4 4 244 7 6 5 194 12 7 , 118411.55975000013
3 66 4 4 4 272 20 6 6 237 16 4 4 151 11 3 4 262 2 3 6 19 14 7 4 75 18 5 , 181452.97500000015
1 74 20 4 2 152 6 8 3 232 13 4 1 152 6 4 3 274 11 6 5 64 4 5 5 225 10 3 , 143576.28799999983
1 71 16 7 3 139 6 4 2 87 19 7 3 67 14 3 4 260 6 5 1 164 17 2 2 41 12 3 , 194054.78249999994
3 173 7 2 4 121 12 3 4 258 13 3 2 232 8 7 3 76 4 7 3 307 6 2 4 36 9 6 , 126744.05599999984
4 256 9 4 1 20 19 2 5 229 16 2 3 124 13 5 1 125 5 8 4 22 13 5 2 63 2 3 , 164536.8682499993
1 128 12 8 6 260 3 2 4 184 18 6 4 295 14 4 3 273 9 8 5 112 9 8 4 290 19 4 , 155887.81649999975
6 318 19 4 2 314 18 8 1 225 2 1 6 135 9 6 4 92 13 5 1 31 5 5 6 285 14 4 , 150786.02349999995
1 172 12 8 6 188 11 3 2 307 7 8 6 237 1 1 6 87 19 7 6 90 14 5 5 144 7 3 , 127271.31649999972
2 206 20 1 2 281 7 3 6 216 15 5 2 130 11 4 3 292 6 1 1 284 20 3 1 68 20 1 , 260273.4099999998
5 56 13 4 6 308 15 3 6 148 11 5 6 103 11 1 5 52 2 5 2 190 10 7 1 309 14 6 , 141330.64874999973
2 257 8 8 1 256 19 5 5 69 2 2 4 240 10 6 3 130 20 2 5 219 4 8 4 55 14 3 , 146539.6749999997
2 55 11 5 6 234 9 3 5 73 19 5 2 137 18 7 1 281 14 7 5 242 13 4 6 130 15 6 , 180812.83149999974
2 282 2 4 1 144 1 6 1 155 17 3 3 118 1 6 4 142 18 8 2 233 7 3 2 207 14 3 , 114320.86725000027
6 139 16 2 4 247 14 8 5 206 12 2 2 109 7 6 2 63 2 4 1 16 7 4 5 169 5 3 , 119327.55375000038
3 64 6 7 1 153 10 3 3 198 10 1 6 108 18 1 2 91 11 7 4 273 16 5 2 43 4 6 , 142723.3929999998
5 143 13 4 1 170 16 8 1 275 13 1 1 69 17 3 5 23 2 5 4 90 13 3 6 237 20 7 , 190798.40800000046
2 238 18 8 6 116 14 8 5 204 14 4 1 106 11 6 4 84 14 3 3 252 19 3 2 259 19 8 , 218836.6260000005
6 227 20 4 4 193 2 5 4 47 11 5 3 278 7 6 3 129 2 2 5 166 12 2 3 296 18 8 , 143037.18999999994
5 234 14 8 2 103 9 1 2 64 5 7 4 166 3 6 6 301 9 3 1 224 6 5 5 129 19 4 , 147859.1914999999
6 16 11 8 5 241 2 1 4 272 7 1 6 300 5 3 5 163 12 4 4 244 7 6 5 194 12 7 , 121590.61075000031
3 66 4 4 4 272 20 6 6 237 16 4 4 151 11 3 4 262 2 3 6 19 14 7 4 75 18 5 , 177700.905999999
1 74 20 4 2 152 6 8 3 232 13 4 1 152 6 4 3 274 11 6 5 64 4 5 5 225 10 3 , 138173.71875000032
1 71 16 7 3 139 6 4 2 87 19 7 3 67 14 3 4 260 6 5 1 164 17 2 2 41 12 3 , 186805.92149999982
3 173 7 2 4 121 12 3 4 258 13 3 2 232 8 7 3 76 4 7 3 307 6 2 4 36 9 6 , 126655.47324999997
4 256 9 4 1 20 19 2 5 229 16 2 3 124 13 5 1 125 5 8 4 22 13 5 2 63 2 3 , 163779.76499999972
