5 158 8 4 4 222 9 7 4 58 14 5 2 177 14 6 1 54 5 6 6 30 7 5 4 213 11 1 , 126297.18799999992
6 154 17 4 1 240 18 4 2 207 16 5 5 311 20 6 6 43 15 2 4 311 15 3 2 133 9 6 , 209593.43999999965
4 301 3 6 6 290 12 2 3 145 1 5 1 120 2 2 3 139 7 2 1 282 15 3 2 53 9 7 , 95618.61499999996
3 128 4 4 1 125 1 1 3 207 8 8 1 36 4 5 6 239 7 5 6 272 3 1 4 175 3 3 , 60548.98824999998
1 24 3 2 4 304 5 2 2 228 15 1 3 267 11 2 1 115 17 7 5 310 16 6 5 143 12 2 , 152044.85325000063
1 313 11 4 4 134 10 8 3 38 11 4 4 173 17 2 2 27 5 1 4 163 20 4 5 50 13 4 , 163175.89300000045
3 29 10 5 3 154 2 5 4 54 16 2 5 136 12 8 5 63 19 2 3 271 1 1 6 39 8 4 , 141892.75850000032
6 151 7 8 2 249 1 5 5 295 16 5 6 92 6 2 5 115 18 6 6 80 3 5 3 224 4 5 , 111452.05224999985
3 91 17 8 3 273 18 5 4 109 19 2 3 194 3 2 2 112 11 4 3 152 15 7 2 206 2 7 , 165147.47649999964
2 279 19 1 4 20 20 1 6 240 18 1 5 84 8 7 1 296 9 8 3 113 9 8 2 82 18 1 , 489173.4462500005
4 76 15 1 4 83 5 8 4 101 2 4 3 185 11 2 2 250 12 8 3 233 3 6 2 303 14 2 , 130608.03425000026
5 149 20 6 6 182 17 2 3 248 10 3 5 224 3 7 3 175 14 8 5 67 4 1 3 227 12 3 , 161510.2680000001
1 257 9 3 4 134 2 2 4 194 1 2 4 39 5 3 2 277 2 1 4 113 18 5 3 71 20 5 , 125232.88999999993
1 316 18 7 6 235 4 5 2 80 3 8 2 214 14 5 2 165 16 2 6 268 6 2 1 74 8 5 , 138122.7892500006
4 225 15 5 6 312 6 1 4 224 1 5 3 291 5 6 3 203 19 8 6 20 6 6 4 153 6 8 , 123111.2990000001
4 179 18 2 1 272 19 5 4 318 15 6 6 291 18 4 3 183 5 2 4 242 19 2 2 160 20 6 , 255946.78975000017
5 197 19 7 5 292 11 4 5 186 7 6 6 90 8 7 6 90 15 2 1 192 17 3 4 131 11 1 , 189831.84749999945
5 175 3 8 6 174 12 6 5 215 12 5 2 274 5 1 6 94 2 8 6 17 4 2 4 46 3 2 , 96944.50775000016
1 107 8 3 2 158 10 1 2 29 19 4 1 265 5 5 5 106 13 5 4 303 1 1 3 319 5 1 , 139852.09825000018
1 100 16 3 3 158 12 4 2 44 2 7 5 192 13 5 1 24 13 3 3 217 10 6 6 234 4 7 , 151458.58975000013
6 138 18 1 6 64 5 7 2 45 15 7 1 278 1 8 5 287 12 3 4 159 11 5 6 75 7 5 , 209435.0789999994
2 136 12 3 5 181 6 4 2 280 10 8 5 62 10 3 3 153 17 8 6 247 17 6 6 62 7 8 , 152241.51850000053
1 170 19 3 1 75 10 6 5 38 11 4 6 191 7 4 4 249 13 7 5 200 5 6 3 112 1 4 , 126308.51724999974
4 114 12 2 1 295 11 2 4 24 5 4 4 308 18 3 1 147 14 5 3 194 3 8 6 137 11 7 , 150041.43274999943
3 292 14 8 1 56 2 2 4 152 20 5 2 139 4 6 5 268 8 2 6 61 17 2 1 41 6 5 , 138947.97800000018
5 251 4 7 5 240 9 2 4 248 11 7 3 87 10 3 1 191 5 3 2 206 9 7 1 218 16 1 , 121736.2749999994
5 306 4 2 5 218 12 8 6 107 12 6 5 56 10 5 5 190 20 8 6 231 2 3 6 102 8 7 , 133136.71550000014
6 284 5 3 3 127 19 7 3 78 12 3 3 207 3 3 6 92 7 3 2 39 8 3 4 297 11 3 , 122685.58649999987
5 188 6 6 4 50 17 3 3 111 20 4 3 17 5 5 3 227 11 5 4 203 5 3 5 139 14 1 , 149739.24124999996
5 24 20 2 2 31 19 4 4 181 8 2 2 125 12 3 1 170 9 4 4 114 14 3 4 43 20 3 , 208561.718749999
5 292 1 4 1 183 1 3 2 279 6 2 5 234 7 7 4 178 3 7 4 37 9 1 2 271 14 5 , 84488.80675000013
6 238 19 2 3 114 14 6 4 170 2 7 2 80 12 4 2 228 15 4 4 194 1 4 4 151 20 5 , 165199.6937500002
1 281 11 8 6 99 15 2 3 85 11 2 1 232 15 4 6 196 6 8 5 272 5 6 6 160 20 5 , 174828.21825000053
4 230 20 6 5 147 7 8 6 69 1 7 6 185 11 7 1 115 9 5 3 280 8 8 3 160 19 4 , 165043.86449999938
2 150 16 5 5 57 1 5 5 66 2 3 3 255 19 5 4 188 8 8 2 126 17 3 6 268 17 3 , 158365.70924999914
2 87 18 5 5 73 7 4 3 93 10 2 3 232 8 2 3 57 7 5 5 164 2 6 1 73 19 7 , 146768.53649999978
2 16 6 5 4 286 16 5 3 111 7 8 4 147 6 4 6 229 9 8 2 70 3 7 1 39 17 7 , 148786.4285000001
6 48 13 8 2 126 19 2 1 65 14 5 3 212 11 3 5 61 12 3 2 99 8 4 5 318 12 8 , 207231.35625
2 192 13 4 5 217 14 7 6 185 11 1 3 129 11 8 5 42 19 1 2 60 11 2 6 258 7 1 , 201657.1627499993
4 24 18 6 4 273 20 8 1 318 11 6 3 39 19 8 1 315 15 2 3 305 2 3 6 295 1 2 , 179813.83899999992
