3 313 20 7 3 213 2 5 5 137 1 5 5 167 16 3 1 290 11 5 3 217 10 4 6 96 10 7 , 122077.0062500005
6 50 16 5 1 211 8 8 3 109 3 8 6 281 9 4 5 296 8 7 6 71 7 2 3 229 5 1 , 101416.60425000003
6 306 8 8 5 87 11 6 1 113 1 5 5 65 4 5 5 314 1 2 4 292 6 5 4 209 20 7 , 98422.83700000001
4 285 3 7 4 256 1 6 6 195 13 7 6 233 18 8 1 220 15 2 5 159 13 2 5 99 14 1 , 140205.3862500002
3 296 10 2 1 176 12 6 6 71 1 8 1 182 6 6 5 61 9 7 5 127 4 6 3 132 6 3 , 94740.05699999978
4 189 16 8 4 145 5 6 5 31 13 8 6 221 13 4 1 43 8 5 1 255 8 1 2 250 15 6 , 146944.37500000052
4 189 2 2 4 306 5 7 5 115 3 5 4 249 4 4 3 76 15 8 2 214 20 7 5 285 17 1 , 133939.9429999998
4 191 8 6 6 136 5 8 3 71 6 1 2 276 1 6 5 25 7 2 5 59 8 1 3 114 5 5 , 78321.02449999996
5 203 20 8 5 182 7 6 2 108 17 2 2 214 20 4 2 267 5 5 6 133 9 2 1 178 12 8 , 165562.7102499994
3 27 17 7 5 101 5 6 3 97 20 5 4 297 15 2 2 128 7 6 1 83 15 8 2 197 11 7 , 179954.46550000034
5 124 15 6 1 113 11 2 5 293 3 3 2 59 20 7 1 155 15 4 3 151 9 1 6 171 4 8 , 155161.84700000013
4 96 6 7 4 260 2 1 5 161 9 6 6 311 1 2 4 92 12 4 6 306 19 7 6 266 15 2 , 124338.087
1 204 10 8 5 112 5 4 5 237 13 2 1 297 3 4 3 82 5 3 1 95 10 3 1 219 8 5 , 107399.3554999998
1 131 12 4 5 280 10 7 1 144 17 3 6 17 19 5 2 120 2 6 4 194 11 5 6 186 17 8 , 178204.14599999957
6 63 5 1 6 216 2 6 1 235 15 2 2 318 19 4 2 199 8 3 1 293 15 8 4 275 15 1 , 164357.34350000005
6 139 8 3 6 157 13 8 5 108 6 5 6 43 15 7 4 129 14 2 3 258 16 4 5 308 2 3 , 156026.02674999973
3 103 9 3 2 128 3 4 1 51 19 5 5 289 5 8 3 209 6 4 5 43 10 2 2 50 15 2 , 160828.32049999945
6 98 16 5 6 200 10 1 2 195 6 5 5 205 3 5 5 268 19 1 5 84 12 8 4 35 5 4 , 159943.97200000047
5 294 12 1 6 128 10 6 2 149 12 1 1 22 16 5 5 214 4 7 3 31 17 1 1 199 14 3 , 289724.3014999997
1 251 12 8 1 313 12 1 2 213 4 8 5 261 11 2 1 46 15 6 1 95 1 5 4 98 3 4 , 129731.81874999963
3 290 13 3 6 172 16 7 3 143 6 7 6 112 17 8 2 223 5 1 1 252 5 6 2 20 16 6 , 153318.7942500002
4 182 3 1 5 247 18 6 1 187 12 6 2 55 1 8 2 87 4 5 4 319 19 7 1 29 10 4 , 135549.96224999998
3 81 14 2 5 65 13 3 1 99 16 2 1 222 13 7 1 29 9 7 5 131 16 3 5 289 14 4 , 177645.30474999946
1 275 16 2 4 225 15 3 3 28 2 6 6 23 3 2 4 244 1 5 3 294 14 3 2 218 4 2 , 104387.79800000001
5 256 15 7 6 276 19 6 3 234 1 8 6 53 11 7 5 174 8 5 5 186 9 3 2 35 20 7 , 155325.09975000046
4 25 12 8 5 96 5 6 6 267 9 6 6 149 10 7 3 268 2 8 5 92 11 3 5 99 19 2 , 133720.81599999964
3 139 19 1 6 25 7 6 6 108 3 7 6 172 19 7 6 250 3 6 5 30 3 4 5 178 14 1 , 161211.24574999989
3 306 17 5 1 286 3 3 1 245 9 1 6 239 5 7 2 130 6 6 2 256 16 1 6 41 20 7 , 141172.31400000048
3 54 3 6 4 172 19 8 2 308 13 8 4 19 15 7 2 236 7 4 3 237 17 6 4 119 13 2 , 167682.09825000024
6 41 9 6 3 60 13 8 5 74 6 4 6 280 20 1 2 17 20 7 6 99 2 1 4 241 13 6 , 177099.7042500001
2 106 13 7 5 74 8 5 2 206 5 5 3 119 19 7 4 120 9 4 1 193 13 8 2 186 1 3 , 142546.7617500005
3 88 18 7 4 154 7 3 3 112 14 5 2 28 18 5 2 186 12 7 1 127 13 5 3 227 6 2 , 174406.87125000008
2 83 4 1 3 215 18 5 6 256 6 1 4 75 18 6 3 256 16 1 1 199 9 1 3 54 12 4 , 177763.83599999995
4 185 3 8 2 73 3 5 4 284 2 3 2 135 6 2 4 273 7 4 3 58 18 6 1 179 20 5 , 122973.70424999975
3 86 18 7 2 155 19 2 2 230 8 6 2 46 8 4 3 158 1 1 4 203 19 2 2 225 14 7 , 183230.14575000035
4 115 20 4 1 285 14 4 4 197 13 6 4 274 17 3 1 268 14 7 2 236 16 4 5 307 14 3 , 231236.27750000116
6 156 10 3 4 225 13 5 2 30 11 4 4 76 15 6 1 16 13 1 2 199 20 3 5 280 2 3 , 196448.98700000037
5 208 7 3 1 266 7 6 2 250 12 5 2 91 9 2 6 55 13 6 6 159 19 3 5 273 16 1 , 179470.80724999998
3 169 13 1 4 196 2 5 5 215 7 5 2 255 1 3 5 281 11 7 5 21 1 5 2 265 14 2 , 133099.40999999965
5 297 12 2 2 216 14 1 3 48 15 7 4 305 7 1 2 178 20 8 2 64 17 2 1 180 4 2 , 225118.61549999978
4 271 8 5 4 276 6 7 5 112 18 8 5 104 3 6 2 320 12 3 1 236 2 6 2 105 20 2 , 127064.12
6 240 3 5 5 33 16 2 2 89 2 8 4 279 1 3 3 16 16 3 4 160 2 6 5 95 5 8 , 83305.43550000004
1 102 8 8 1 207 1 4 1 199 14 8 1 117 2 4 4 205 2 8 6 95 3 4 6 141 14 3 , 79885.22975000014
6 48 14 5 6 141 13 4 5 224 14 3 5 40 11 6 4 37 2 6 5 204 9 8 5 309 2 3 , 130895.91675000024
1 314 17 1 6 257 10 4 1 194 12 1 1 238 19 8 2 66 13 4 6 69 19 1 3 91 9 7 , 223100.0132500002
5 37 18 3 3 73 6 2 6 280 12 5 6 316 14 6 2 162 12 5 5 77 4 3 2 270 9 3 , 138263.0845000003
4 163 2 8 5 56 12 8 6 272 15 5 6 234 16 8 2 284 16 7 4 70 18 3 6 136 14 3 , 193050.49949999966
6 147 4 8 6 279 12 2 6 85 10 2 4 203 14 8 5 215 16 8 4 38 12 3 5 52 10 3 , 160552.84900000013
6 168 14 6 1 61 15 5 3 233 16 6 1 151 8 2 3 283 17 1 3 213 16 5 4 104 4 6 , 174525.35725000026
3 68 15 7 3 273 16 4 6 294 19 3 4 208 17 4 5 104 8 6 4 85 2 7 4 233 2 2 , 161251.1599999999
1 207 18 8 6 66 17 2 3 239 16 2 5 318 3 6 4 260 12 2 6 127 18 8 4 254 19 5 , 220351.0117500007
3 281 8 6 5 86 6 8 2 168 7 2 5 249 1 8 3 18 18 6 6 302 15 2 3 125 17 6 , 153485.8582500001
6 29 14 7 6 286 7 7 2 64 17 3 3 262 10 3 4 192 17 3 2 33 7 5 2 58 13 3 , 176459.2275000001
5 320 1 5 3 235 12 3 1 81 20 5 6 67 15 5 3 198 15 8 3 304 6 6 4 33 14 6 , 180716.44500000024
3 310 16 6 1 28 13 5 3 54 18 7 2 56 18 4 3 170 11 6 3 173 12 2 1 281 3 6 , 205498.11050000007
3 46 19 2 4 123 20 2 5 306 9 1 6 66 19 3 3 305 10 4 3 172 13 8 3 166 15 1 , 229494.90775000007
5 18 19 5 6 243 19 8 6 317 5 7 5 42 19 7 5 76 1 6 4 193 15 5 1 273 5 2 , 176709.15175000025
2 173 10 8 4 38 5 3 2 74 1 7 5 18 17 5 4 95 2 3 2 262 1 3 3 193 13 4 , 113852.01750000015
3 81 9 2 3 55 4 2 3 101 20 1 2 147 13 8 6 214 6 2 6 78 19 1 1 169 14 7 , 183808.4845000004
5 269 17 5 4 122 17 2 6 238 13 8 1 229 20 6 1 84 17 3 3 238 16 5 6 25 2 6 , 225612.2412499994
2 239 19 2 3 270 5 7 5 116 11 7 2 64 3 6 3 164 12 5 2 108 12 5 6 46 17 8 , 142146.73724999966
3 226 16 4 5 97 11 2 4 197 20 8 5 149 14 6 3 45 20 2 4 194 6 1 5 31 7 5 , 168985.0885000003
6 188 5 1 1 25 19 5 5 44 3 5 4 190 8 4 1 35 5 1 2 276 6 2 1 37 15 7 , 124425.38724999959
5 90 13 6 2 255 8 6 4 258 13 3 4 218 2 2 2 319 15 5 5 238 6 7 1 269 3 1 , 114497.1465000001
4 279 12 8 5 26 15 5 5 263 6 8 5 80 12 2 1 228 17 7 1 304 13 5 4 299 10 3 , 156140.7575000007
1 186 7 4 2 171 15 8 3 255 5 5 4 189 19 7 4 301 17 8 1 187 17 6 1 308 15 3 , 183310.5790000006
2 294 6 3 4 218 2 6 3 266 2 2 5 240 16 2 5 193 7 8 3 151 1 1 6 211 13 1 , 109760.59049999969
5 198 20 4 1 86 17 1 3 240 10 5 5 192 14 2 4 166 3 8 2 235 16 3 2 72 18 5 , 194376.10174999986
6 91 9 7 5 230 19 2 4 143 12 3 3 122 16 1 3 305 10 7 4 221 19 6 2 226 15 7 , 200534.51724999945
1 59 12 6 1 197 3 4 4 308 5 8 4 175 8 7 1 172 2 7 4 255 19 3 1 155 9 7 , 119065.46500000026
3 54 19 4 3 239 1 5 4 97 4 7 5 122 11 4 5 71 7 2 3 297 18 3 5 34 15 7 , 154075.55449999927
1 318 14 2 6 24 18 6 6 118 6 3 2 40 4 2 3 69 17 2 5 45 7 4 2 23 17 4 , 168188.78725
1 320 9 3 3 63 18 3 6 204 10 1 5 248 5 6 1 107 15 1 5 47 7 1 5 47 2 2 , 139031.66575000048
2 202 19 1 4 284 20 4 2 134 8 1 2 40 17 7 2 37 2 5 2 268 6 4 3 172 14 1 , 244368.85800000036
6 271 14 4 1 251 15 1 5 94 12 8 6 110 12 6 6 66 20 1 3 229 7 1 4 181 19 3 , 206245.88475000032
2 213 6 4 1 253 16 8 4 290 1 4 1 121 1 4 3 87 18 8 6 277 3 1 1 157 14 7 , 128116.66899999976
5 179 4 4 4 149 12 2 5 220 7 7 6 264 1 2 3 267 4 8 3 226 14 5 2 216 17 2 , 119622.21625000035
6 178 8 8 4 232 12 8 3 244 6 5 1 26 14 1 5 129 13 3 4 267 13 4 6 300 6 6 , 164567.70624999976
2 99 10 2 5 209 13 1 2 189 20 2 2 229 1 3 5 280 20 3 1 319 11 3 3 260 10 8 , 200563.8427500004
1 311 10 3 4 52 4 3 4 239 10 1 2 138 14 4 5 250 12 4 3 130 8 5 2 86 4 8 , 134911.97300000003
4 35 10 6 6 173 6 6 3 267 14 7 3 247 16 7 5 257 17 1 1 72 8 6 1 265 8 1 , 139719.37825
1 184 18 7 2 282 15 4 1 85 19 3 2 288 17 3 6 59 4 3 5 175 16 4 3 58 15 1 , 188830.09449999963
3 98 5 3 1 155 10 8 6 236 5 5 3 49 8 6 5 236 7 6 4 280 5 7 3 120 6 3 , 88510.83775000017
2 110 5 1 2 93 15 6 4 37 5 3 5 235 9 5 1 273 4 3 6 198 14 6 6 220 13 4 , 137215.40750000055
3 196 3 2 6 293 12 3 6 164 13 6 1 27 8 7 4 38 19 1 3 53 6 1 2 173 10 4 , 141264.14425
5 293 3 1 6 292 5 1 6 26 2 8 3 245 13 4 4 311 11 3 2 222 6 6 3 54 1 2 , 159490.99425000008
6 109 1 7 4 77 15 6 1 44 20 7 4 150 15 5 2 123 14 2 3 212 6 1 4 134 15 7 , 178399.6665
1 209 13 6 5 258 7 1 5 31 16 2 4 304 1 7 3 151 13 5 2 285 7 7 3 72 11 2 , 135747.68774999995
3 297 20 7 6 206 13 5 6 66 14 1 6 244 16 8 1 126 3 3 1 149 10 3 6 113 12 3 , 181124.8105000002
5 183 16 8 1 78 9 7 1 80 11 7 3 281 5 4 1 293 4 3 1 148 4 5 2 281 20 8 , 134322.44300000017
3 303 16 6 6 57 6 7 1 31 10 4 2 259 7 8 2 90 20 2 6 282 7 6 1 250 8 7 , 150778.13774999953
6 250 16 1 1 251 16 4 3 54 1 2 6 224 12 1 5 137 10 4 3 209 1 8 5 170 19 4 , 259525.70649999962
5 105 17 6 4 105 7 7 1 269 9 7 5 187 3 1 5 38 15 5 2 228 2 6 3 303 2 5 , 114003.42325000014
4 250 8 2 2 119 9 6 3 283 12 1 4 41 13 3 2 272 10 8 5 266 9 2 5 94 9 2 , 148547.25725000026
4 305 11 3 5 280 13 2 2 102 19 1 3 263 10 7 3 320 4 1 6 54 1 4 1 285 2 3 , 140505.44325
2 129 4 7 5 223 13 6 5 176 19 5 3 167 14 7 5 220 3 8 6 65 6 8 4 49 14 2 , 158656.1762499997
2 194 18 2 5 104 10 2 1 196 1 8 4 168 15 7 4 160 19 7 6 288 6 2 2 54 3 3 , 153304.57974999986
4 279 3 4 2 212 16 8 6 31 6 3 3 260 16 7 3 181 7 6 1 64 5 1 1 317 4 6 , 137494.17724999948
2 315 3 1 6 224 15 2 6 203 8 3 5 168 3 5 2 173 17 8 2 152 5 3 5 199 19 8 , 167946.11274999916
4 171 13 2 1 18 2 8 1 156 2 4 1 130 6 2 4 153 17 7 3 88 17 5 5 62 11 4 , 158010.66699999923
4 48 14 5 4 318 5 2 3 190 3 7 2 29 5 4 6 36 20 1 2 97 7 6 5 18 17 2 , 132665.99000000017
2 265 20 5 5 114 10 1 2 215 12 6 1 318 13 6 3 143 1 8 5 294 8 6 5 66 13 8 , 137533.24850000002
3 211 13 3 1 35 4 5 5 43 5 4 2 105 20 1 6 61 11 4 1 195 6 3 4 144 12 1 , 132076.98824999985
2 272 20 1 5 159 10 3 2 193 18 8 6 285 15 8 6 215 13 8 6 289 7 6 1 296 10 3 , 223230.25850000052
2 91 20 5 1 173 12 1 3 257 4 3 3 274 17 6 3 66 8 5 4 64 2 8 1 310 18 3 , 158926.12099999998
2 264 14 5 4 84 7 1 5 240 16 6 1 230 18 3 6 267 10 3 4 69 17 3 3 62 18 8 , 188415.99000000095
5 21 15 8 3 213 19 8 2 279 8 6 3 74 9 2 6 192 14 6 2 83 13 5 4 135 20 8 , 203441.914
1 78 7 7 2 280 16 4 6 165 2 8 4 283 2 5 5 144 11 4 3 253 14 6 6 120 8 3 , 125248.32400000031
6 45 20 7 4 272 16 6 4 46 16 2 3 293 2 3 2 249 19 4 6 124 1 2 6 83 19 5 , 187491.99449999936
2 70 10 6 2 60 10 8 2 233 16 5 1 279 2 8 5 110 16 3 5 144 6 5 5 236 4 2 , 131524.20400000003
2 173 16 2 2 126 8 6 6 203 1 8 1 239 5 7 5 64 8 6 4 294 8 8 2 36 5 6 , 107212.06025000004
3 105 18 2 6 172 11 1 1 287 5 5 4 167 1 1 4 212 12 7 1 299 12 7 6 293 17 2 , 180062.03274999946
1 246 14 4 5 138 11 4 3 287 13 6 5 21 12 6 3 54 6 5 2 192 16 4 5 132 16 3 , 187145.04599999927
6 20 17 1 3 42 1 6 1 182 14 6 2 209 7 2 4 107 5 2 6 308 14 5 2 211 13 2 , 163972.57824999938
3 68 20 8 6 39 17 6 2 314 10 4 6 211 11 8 4 185 3 8 2 115 16 1 3 267 17 5 , 192836.55099999954
5 146 15 6 3 291 15 7 1 87 1 1 3 251 8 2 2 247 15 2 3 111 17 7 1 216 14 7 , 189959.0075000003
4 114 2 7 3 214 4 3 6 125 17 6 1 111 10 1 2 248 2 3 5 62 16 6 4 204 6 7 , 130485.96249999953
3 310 20 6 6 269 9 7 6 290 19 7 4 130 19 3 6 165 3 3 5 140 9 5 4 106 14 5 , 208418.08225000027
1 205 13 6 2 269 14 6 2 94 15 8 4 231 14 2 1 85 3 2 4 287 1 1 5 290 3 5 , 144214.22775000051
2 47 7 2 2 99 8 4 5 306 10 3 4 67 18 7 1 197 10 3 6 17 7 4 2 55 16 6 , 177241.7117499999
5 315 18 5 2 190 19 1 4 300 10 8 6 59 8 3 6 197 6 3 3 215 1 7 3 188 14 4 , 141161.36325000058
3 126 16 7 2 308 18 1 6 148 16 1 3 91 10 6 5 106 12 7 6 246 20 5 6 298 10 3 , 186203.6005000002
2 72 14 8 4 129 12 4 2 174 6 6 5 170 2 3 4 122 15 1 3 106 14 2 3 31 15 1 , 150561.30749999994
6 279 3 8 1 190 17 3 1 30 17 5 6 110 17 6 6 279 15 4 2 296 14 5 6 62 9 7 , 170249.57275000017
5 57 17 6 3 297 16 4 4 181 3 1 2 24 19 5 4 58 14 3 5 121 6 8 1 299 18 2 , 184131.71824999986
5 267 8 6 1 41 12 7 2 178 20 1 1 157 18 5 2 148 2 5 6 212 2 4 1 78 9 5 , 136095.81974999982
1 178 9 8 5 206 4 6 4 291 2 6 2 246 16 3 5 316 4 2 4 46 5 8 1 173 1 2 , 85220.84175000014
5 43 5 1 4 274 3 4 5 312 17 3 2 292 18 1 3 313 5 6 5 312 14 7 2 126 7 6 , 134379.89550000057
4 114 15 1 3 81 16 8 4 49 19 1 1 198 15 3 3 172 10 6 2 57 12 2 3 166 4 1 , 230840.82100000008
4 222 12 3 5 115 16 5 6 112 15 5 4 93 19 5 4 165 6 8 2 45 15 8 1 147 20 7 , 208272.5265000008
1 173 19 1 2 142 17 1 2 220 18 1 6 259 18 3 4 66 19 5 3 301 10 8 1 220 2 1 , 353066.55999999965
6 36 10 3 5 178 3 2 2 37 8 8 1 289 8 7 4 133 19 8 1 138 16 4 6 82 20 8 , 173738.72225
6 184 10 5 5 67 19 6 5 116 2 1 1 320 15 5 6 197 3 1 2 205 18 6 2 88 10 7 , 158595.97225000008
3 303 13 3 3 203 20 3 3 295 11 1 1 230 10 6 3 166 5 4 1 257 18 4 4 184 19 1 , 200319.48350000006
6 245 11 4 3 62 18 1 3 108 8 5 1 74 6 3 2 157 14 7 6 38 19 7 6 134 5 6 , 179812.16174999977
5 73 9 1 4 16 1 3 6 268 7 7 5 270 3 5 6 212 2 6 3 251 3 2 2 74 15 4 , 90887.7099999999
1 87 20 8 1 82 2 1 4 189 10 5 6 135 14 2 4 180 14 8 4 248 17 5 4 113 1 3 , 167032.8492499999
5 39 20 7 6 314 5 3 2 245 11 7 3 170 6 7 6 152 15 6 5 145 12 5 1 188 6 2 , 167270.91350000058
6 55 12 2 5 81 5 4 6 61 2 1 5 205 17 5 1 198 11 3 5 27 15 5 4 83 16 7 , 168516.6069999999
2 145 16 1 4 226 15 4 3 144 7 5 4 154 11 2 2 244 4 4 2 223 15 6 5 221 18 6 , 227448.40324999945
4 26 8 4 3 127 7 4 2 129 9 5 6 175 13 6 4 238 15 1 3 152 14 6 4 27 14 6 , 144760.5275000004
4 161 18 2 2 129 7 6 3 246 10 8 3 268 14 8 3 171 14 2 2 99 8 2 4 76 3 4 , 131224.64574999933
4 243 14 1 2 220 10 5 4 275 5 7 4 194 14 3 4 121 15 4 3 220 6 7 3 257 18 6 , 231982.29649999965
6 89 11 6 4 122 4 8 3 188 6 6 1 164 20 1 6 202 1 1 4 307 16 5 4 179 11 5 , 138850.6452500002
4 313 12 3 1 253 3 8 5 285 10 8 2 38 18 1 4 265 16 2 1 294 7 3 2 250 10 5 , 152779.56674999982
3 275 16 4 5 124 18 7 5 230 19 1 5 138 6 2 1 277 12 7 3 47 14 3 2 123 7 1 , 190564.09674999962
2 242 14 1 6 315 10 6 2 70 19 7 3 102 17 2 3 182 3 8 6 234 18 2 5 66 10 5 , 237068.46299999976
4 173 11 8 1 291 13 1 6 245 19 1 2 285 2 7 1 248 6 3 3 84 11 6 6 231 15 1 , 156290.77325000038
3 285 11 3 5 32 4 4 5 37 10 2 2 250 7 8 5 90 2 2 6 170 17 1 6 166 10 2 , 120314.67975000036
5 80 4 4 4 259 13 2 2 264 14 6 6 280 16 7 5 136 5 2 1 23 15 3 1 21 15 6 , 167276.7597500001
2 275 8 7 2 172 13 1 1 38 18 4 4 40 9 4 2 120 9 4 4 214 4 8 5 116 6 4 , 149299.16850000023
3 70 4 8 5 298 15 6 2 157 14 1 3 250 14 1 2 51 12 7 1 299 4 8 4 122 11 5 , 148586.4024999998
2 79 9 6 4 160 7 6 6 249 8 2 3 79 5 8 4 126 10 4 6 288 18 2 5 133 2 4 , 118848.69074999963
2 182 1 5 3 239 14 7 2 127 8 3 2 30 19 5 4 112 16 2 2 319 3 8 2 168 9 7 , 148635.96824999998
6 49 6 1 6 25 18 6 2 314 16 8 2 40 6 1 4 108 8 4 4 255 16 4 5 280 11 2 , 178945.04400000037
4 282 16 8 6 218 19 7 3 186 11 1 5 29 3 6 6 169 3 2 4 172 8 8 3 94 6 1 , 137767.96025000053
5 51 20 7 1 126 17 6 6 264 3 8 6 292 3 8 1 200 5 3 5 178 11 5 4 61 9 6 , 150334.09399999984
2 150 2 5 5 34 7 5 1 115 5 1 2 212 14 8 6 240 18 1 1 131 12 1 1 295 1 6 , 136176.6542499998
4 152 11 4 4 251 18 6 3 122 4 6 5 192 10 1 3 283 18 8 4 190 5 1 5 213 19 3 , 182426.2309999996
4 173 3 5 4 61 13 4 6 227 14 3 5 72 10 2 1 24 9 7 3 89 16 2 1 154 7 8 , 149661.54600000018
2 20 9 5 5 286 12 4 4 284 15 6 1 94 17 5 1 218 11 5 6 246 20 1 4 81 9 4 , 195869.80175000048
3 143 12 2 4 268 15 1 4 133 3 6 1 97 4 1 2 183 11 6 2 124 13 7 6 29 5 7 , 135326.0154999997
6 129 16 2 3 126 19 5 6 193 20 6 1 253 7 6 4 63 15 6 6 198 15 8 3 123 6 1 , 188744.79625000042
5 235 11 2 4 301 19 5 3 298 17 7 2 80 3 3 2 219 6 1 1 261 9 8 6 134 6 5 , 140654.84625000056
6 272 19 4 3 144 8 8 5 84 9 7 1 157 17 8 1 77 3 2 4 303 18 4 1 238 6 7 , 166191.68125000008
3 260 14 5 3 91 19 2 4 26 15 3 1 158 18 7 1 36 13 2 6 260 11 5 4 211 1 4 , 172363.39174999954
4 195 14 2 4 190 12 5 5 178 1 6 1 260 16 7 5 130 11 3 1 49 5 3 3 17 7 5 , 136617.26500000033
1 31 20 8 1 305 20 7 4 66 11 4 6 263 6 1 4 79 14 8 4 157 19 5 1 21 9 7 , 204260.61599999992
1 29 4 4 1 176 5 1 5 22 20 4 4 153 7 3 1 68 3 5 2 280 3 8 5 254 10 5 , 112713.92000000042
2 271 16 2 5 142 6 5 4 288 5 8 1 182 13 4 5 254 17 1 4 116 4 5 6 239 15 4 , 166611.39074999955
2 73 8 3 3 262 2 8 2 178 12 5 6 312 19 3 2 259 12 1 3 36 10 7 4 56 17 5 , 159162.77825000026
4 150 17 4 1 103 7 6 4 110 10 8 3 164 14 5 6 212 3 1 1 25 4 6 5 150 5 4 , 120563.71624999962
4 281 4 1 1 243 12 7 5 170 2 4 1 290 5 2 1 46 18 5 1 215 8 7 1 107 3 6 , 107944.78974999988
4 276 4 4 4 159 3 6 5 266 4 6 1 236 5 2 1 128 13 5 3 181 5 7 2 59 3 4 , 80603.01674999988
2 175 2 1 2 143 8 1 6 276 1 3 5 197 8 1 6 189 1 5 6 246 13 6 5 144 9 6 , 107210.42224999954
4 96 8 6 4 78 5 5 5 87 20 8 1 143 19 1 4 30 20 5 2 68 13 7 1 197 18 5 , 222428.44850000023
1 84 15 4 5 264 15 3 5 141 8 8 5 99 8 2 5 122 11 1 3 54 18 1 3 160 14 4 , 200606.57674999896
5 269 17 8 4 179 15 7 5 236 18 5 3 237 10 5 1 240 12 5 1 279 12 8 6 236 1 1 , 243341.34374999988
5 139 13 7 4 292 3 7 3 40 7 6 6 219 18 6 5 241 19 7 6 74 20 7 2 85 18 3 , 198540.81775000025
4 233 10 7 6 281 6 4 5 186 6 5 4 75 5 8 3 265 3 2 5 142 5 2 6 21 19 3 , 115034.47799999968
2 174 18 4 4 154 20 4 1 67 13 5 5 77 5 4 6 224 14 8 4 261 3 5 1 55 2 6 , 143492.5879999998
6 102 16 6 1 129 18 8 4 164 16 4 6 251 20 8 2 247 15 7 4 30 5 5 2 47 18 6 , 200552.91049999968
5 167 9 1 4 89 15 1 1 31 4 5 2 172 10 8 3 218 8 7 3 139 11 7 1 126 19 4 , 201663.53524999967
4 29 1 6 5 32 7 6 3 139 7 3 1 49 14 6 4 232 13 7 2 57 6 4 1 267 10 5 , 111461.45624999987
5 19 8 5 5 159 6 2 3 269 8 6 4 208 13 8 2 199 5 1 1 94 20 7 6 141 15 8 , 150260.43299999987
4 292 17 6 3 191 7 5 2 58 13 6 5 244 10 6 3 207 8 7 1 47 6 6 1 156 2 1 , 131300.9899999994
1 195 8 7 5 272 20 7 2 245 4 5 4 260 2 3 2 227 3 6 5 27 4 6 4 195 16 1 , 119456.16574999956
6 265 11 2 4 87 7 8 6 297 10 4 3 308 12 7 4 31 13 3 4 95 20 6 2 266 8 8 , 177461.56725000052
3 156 1 4 3 20 18 6 3 152 14 4 5 275 4 3 5 195 6 5 5 155 11 5 6 208 7 5 , 125501.51424999993
6 178 6 7 5 189 8 1 1 22 13 1 1 263 9 6 2 93 1 4 6 169 17 7 3 232 7 6 , 123660.37000000027
3 201 7 3 3 255 11 1 5 216 13 6 4 73 12 8 5 162 3 4 3 310 2 7 6 116 10 6 , 119471.95725000033
2 140 11 2 5 170 13 4 6 170 15 8 1 193 9 8 2 254 3 4 4 36 20 1 2 227 7 3 , 171444.09274999914
5 125 14 4 6 253 17 8 6 45 6 7 2 172 1 8 5 295 6 8 4 257 18 1 2 317 1 2 , 129879.12850000017
3 128 15 2 3 268 2 7 6 62 5 5 4 114 4 5 1 194 13 3 6 221 4 6 1 289 18 2 , 131913.53849999988
1 194 20 4 2 119 18 7 1 21 17 7 5 182 16 5 6 257 1 2 4 230 16 2 1 93 6 7 , 194536.2387499995
3 306 12 2 5 264 13 3 5 317 10 2 1 106 2 7 2 51 18 4 5 24 9 5 2 211 13 1 , 205824.67249999996
1 87 1 3 5 170 6 5 1 306 11 6 2 218 5 7 1 54 15 7 5 65 12 8 3 194 20 7 , 161531.55650000018
5 118 12 4 4 286 8 3 5 161 1 8 1 129 11 1 3 314 18 6 2 264 16 3 1 206 16 6 , 186870.0947500001
6 52 15 6 3 31 2 5 5 107 10 2 6 83 20 6 2 230 16 8 3 109 14 1 2 169 9 7 , 184314.85949999932
5 228 9 5 3 64 15 4 4 235 20 8 1 215 16 1 3 153 19 3 6 146 17 6 6 200 20 4 , 251398.04874999938
4 125 17 8 1 174 16 8 6 21 14 2 6 100 6 8 6 181 13 2 5 288 20 2 5 100 2 3 , 166092.6732499997
1 276 5 8 3 124 6 3 6 104 10 6 4 254 3 8 2 66 2 6 1 20 16 3 2 54 11 2 , 96966.63424999997
6 20 5 2 6 179 10 6 2 235 18 5 1 160 10 1 6 168 6 3 3 118 14 4 3 311 9 3 , 134426.7510000005
2 274 14 7 3 101 7 2 1 19 11 4 4 266 1 2 6 214 15 6 1 87 11 2 1 208 8 8 , 128271.87774999987
4 195 15 5 6 208 11 1 1 282 16 6 1 233 8 5 4 85 2 3 2 52 18 4 2 269 9 6 , 154266.97849999968
3 29 14 4 6 146 7 7 4 143 18 8 4 149 6 1 4 206 15 1 4 107 5 1 1 248 16 4 , 156737.21824999998
3 141 6 4 4 285 6 6 5 91 6 4 4 111 14 5 4 71 4 6 5 24 4 8 4 22 6 5 , 91541.46450000003
3 124 6 6 1 314 13 1 3 91 15 4 2 292 5 7 3 22 20 2 5 105 17 6 6 263 6 5 , 167388.7769999998
1 153 20 4 1 114 18 8 1 60 8 8 2 89 17 5 3 165 4 3 5 98 8 4 4 290 8 7 , 165159.8207500006
4 71 17 6 2 186 19 6 3 97 10 6 2 270 4 4 3 159 14 4 5 101 3 6 5 319 17 6 , 162481.2855000002
3 22 10 5 4 239 5 7 2 313 10 5 1 266 1 8 3 105 1 7 5 307 15 6 4 155 3 3 , 95000.57500000008
5 306 1 6 4 154 14 3 2 288 19 3 5 76 18 4 1 298 3 8 2 223 11 2 3 302 13 2 , 169545.22750000007
4 197 4 2 2 140 2 6 1 47 2 1 6 307 10 7 4 258 16 7 6 228 11 5 4 67 1 1 , 101428.7192499997
4 127 16 3 6 56 17 5 2 80 9 8 5 42 9 6 5 100 15 8 4 206 3 1 6 38 15 1 , 176150.11424999952
6 208 17 5 6 109 3 5 1 73 16 5 1 75 14 8 3 101 5 2 1 261 19 2 6 201 5 4 , 169282.07700000014
6 150 7 5 3 223 6 5 4 252 10 2 2 62 8 1 1 164 11 4 3 233 6 6 3 154 11 3 , 131702.95625
1 107 7 6 1 245 5 2 2 52 17 3 1 17 7 3 6 305 5 8 2 90 1 7 1 290 7 1 , 112115.25600000012
5 235 18 7 5 317 8 7 3 47 18 5 2 233 11 7 6 257 3 6 2 313 20 8 5 144 19 6 , 201148.51175000047
2 211 19 7 1 253 4 2 5 104 6 4 4 45 13 3 2 84 16 6 3 279 11 7 6 151 2 8 , 145813.02174999908
1 174 1 7 3 211 4 1 5 70 14 6 5 164 14 1 3 142 12 2 2 36 19 5 3 17 20 6 , 175692.93949999928
6 62 16 1 1 74 18 2 1 124 20 2 6 153 3 8 2 110 17 7 2 110 14 2 3 44 2 6 , 165444.09049999953
2 301 6 7 3 235 19 1 4 235 3 2 4 150 11 1 5 209 12 4 3 312 20 4 3 317 3 6 , 135053.26200000063
6 153 3 4 1 315 18 5 3 252 5 7 5 233 4 2 2 23 8 5 2 236 1 3 4 141 2 7 , 72995.55375000002
2 294 2 1 2 154 12 4 3 38 8 6 4 19 3 6 1 91 3 7 5 284 3 7 3 234 18 5 , 94210.51475000003
4 193 14 8 1 286 2 2 3 140 19 4 1 272 5 3 4 276 9 2 2 41 7 4 6 305 2 2 , 109324.58050000003
2 47 13 8 1 93 18 6 5 67 20 3 3 316 5 3 1 244 13 1 5 36 8 8 2 228 9 5 , 161466.03299999965
2 126 20 8 3 129 8 1 5 232 7 7 1 238 17 3 1 217 4 1 4 25 11 3 1 138 14 2 , 165003.86300000036
6 27 13 4 3 247 19 3 1 77 5 6 4 94 14 7 3 238 12 5 4 206 13 5 6 75 12 4 , 174424.9832499997
3 268 3 1 4 242 19 3 6 121 6 8 2 52 15 5 5 280 15 8 4 22 7 2 1 45 3 3 , 162011.8867500003
5 102 6 4 1 73 17 5 5 261 5 8 1 32 2 6 3 216 7 2 4 113 8 5 6 248 17 5 , 126849.05124999964
4 259 4 5 2 38 13 3 3 135 14 5 5 192 18 1 5 281 18 5 5 175 1 7 6 85 19 6 , 180703.0975000005
6 172 15 7 5 200 19 1 3 78 16 7 5 155 7 1 1 250 20 7 4 233 4 1 1 219 3 7 , 175713.90774999966
1 56 5 6 4 220 17 5 1 47 1 5 2 203 16 1 6 238 19 8 1 150 3 8 3 297 1 7 , 133449.9882500001
5 225 12 2 1 73 19 2 3 314 3 6 2 44 4 6 5 162 12 6 6 62 17 7 1 159 20 8 , 181643.17499999938
5 109 19 8 1 93 11 8 4 84 1 3 1 118 2 8 2 35 16 6 4 255 12 5 6 214 6 7 , 144652.75175000005
2 146 17 1 1 78 17 1 4 25 20 6 5 254 2 8 1 239 12 3 4 139 17 1 5 258 17 7 , 284031.30749999953
1 60 18 6 1 218 12 8 3 255 18 2 5 78 2 3 4 25 12 7 3 114 7 8 3 86 12 1 , 184015.30075000008
5 170 1 5 3 181 12 6 3 21 2 1 1 107 4 2 4 186 5 2 2 92 16 3 4 104 1 5 , 93231.15299999974
4 89 16 7 1 182 1 3 6 99 8 7 1 283 6 8 4 204 12 1 5 73 11 7 6 305 8 4 , 144206.6784999996
4 187 5 1 6 142 8 8 3 237 15 8 2 107 17 8 6 246 16 7 5 215 7 4 6 212 2 2 , 158299.7917500006
5 58 15 2 3 130 12 8 6 103 7 4 2 165 14 2 6 283 9 2 3 231 1 7 2 275 10 1 , 127740.96700000031
3 220 12 3 1 16 9 6 6 263 9 8 2 141 2 3 6 117 15 6 4 210 6 5 3 138 17 5 , 131008.5887499996
1 171 10 3 2 240 9 6 2 47 11 3 4 161 17 7 1 231 13 8 3 207 1 8 5 131 4 1 , 122087.65325000028
5 236 17 8 5 284 11 7 6 243 6 3 5 123 3 1 6 137 1 3 2 220 10 6 6 71 14 5 , 121621.47874999947
5 110 16 5 3 301 2 1 1 173 12 3 3 204 10 5 5 159 17 3 1 87 5 8 4 229 2 6 , 121434.45600000008
6 231 11 4 6 292 13 6 3 312 8 8 1 43 4 6 1 101 18 4 3 314 2 8 4 156 11 8 , 140733.7824999999
3 51 3 5 5 266 11 2 3 158 12 6 3 302 19 3 3 257 2 3 6 249 8 7 2 266 16 1 , 137315.91800000024
5 316 17 8 2 111 14 6 3 80 10 8 2 33 13 5 5 185 9 7 6 26 19 5 5 57 6 2 , 172423.10824999996
3 189 6 1 4 131 1 1 3 21 11 4 2 206 11 1 5 312 18 2 5 291 5 1 2 68 16 3 , 154743.25275000004
3 305 11 7 2 169 11 7 5 37 18 3 5 95 13 3 6 185 8 7 5 97 11 4 2 173 4 6 , 154076.02425000025
3 162 3 3 1 92 14 6 5 81 7 5 2 228 6 8 2 313 6 5 5 113 19 4 1 39 19 5 , 153918.3817500002
4 228 14 8 2 59 14 1 1 162 11 6 2 43 2 6 1 166 19 1 5 236 2 2 2 286 13 3 , 155328.50174999947
2 92 11 4 6 64 12 1 1 148 16 5 4 131 13 5 5 259 11 7 6 299 12 3 4 205 11 1 , 177969.03275
2 75 18 6 3 158 6 7 3 176 3 3 3 20 9 5 4 65 1 3 4 235 8 8 6 311 7 4 , 115453.2147499999
4 262 12 1 5 180 8 7 4 285 18 2 5 114 5 3 2 203 17 3 2 72 5 6 5 102 4 8 , 189347.9892500004
5 191 19 6 4 155 2 8 2 106 4 5 4 276 20 3 1 292 12 8 3 213 5 1 3 170 7 6 , 144237.26525000005
5 288 4 5 6 249 9 8 6 78 18 6 3 99 14 8 4 314 9 7 1 190 14 4 4 307 5 2 , 159753.9504999996
5 75 12 6 3 99 11 5 3 275 8 3 2 70 1 5 4 280 19 5 6 266 1 1 1 139 3 8 , 196150.1982499999
1 190 8 1 6 260 4 7 2 210 11 6 3 222 16 4 3 168 2 7 1 101 7 2 3 154 11 7 , 136884.61999999947
2 118 12 3 1 85 10 3 1 226 7 4 6 69 12 8 4 24 4 8 3 239 14 5 4 158 20 6 , 162873.6857499993
6 173 2 1 2 310 17 1 2 209 13 6 5 280 15 7 6 38 6 8 2 136 15 2 3 235 18 4 , 246906.1095000002
4 171 15 1 2 208 20 3 5 318 1 4 6 214 20 5 1 251 1 1 6 92 6 3 4 74 10 6 , 201145.09925000012
1 90 7 2 6 139 2 3 2 70 4 6 4 173 18 1 3 232 9 2 3 169 10 1 6 23 5 1 , 115129.27124999969
3 74 19 1 5 61 16 6 6 280 12 7 5 246 12 6 4 144 8 4 3 247 11 1 3 76 11 2 , 165622.6775000002
5 286 19 4 6 123 15 1 3 18 10 6 5 147 5 1 6 320 4 2 6 148 1 7 4 44 3 1 , 114204.99674999957
4 216 7 6 4 290 1 3 2 134 11 1 2 291 15 6 5 284 2 4 1 126 17 2 2 176 1 5 , 105924.82199999967
3 181 12 7 1 240 2 2 3 119 1 4 2 52 3 5 4 55 1 7 3 302 8 3 3 180 10 4 , 72928.25325000005
3 92 1 4 5 320 9 8 5 67 4 4 4 269 20 5 6 259 5 4 6 243 18 5 6 111 14 6 , 141766.06025000007
3 50 4 4 4 267 11 4 4 176 6 1 2 219 13 2 5 104 16 2 2 230 4 5 4 93 18 1 , 143077.43599999993
5 273 7 7 3 163 19 4 2 102 9 2 5 246 11 6 2 66 3 1 6 42 18 5 2 20 18 2 , 163282.55624999932
5 114 5 4 6 121 20 3 6 41 20 1 3 219 10 1 5 215 9 5 3 93 6 2 4 83 2 3 , 155230.34324999983
1 168 2 3 4 259 11 8 3 304 20 6 1 224 18 1 5 67 7 1 2 221 11 5 5 242 12 2 , 189826.44775
4 239 2 5 4 285 11 8 2 291 17 2 3 318 8 1 5 147 16 6 3 302 2 8 6 234 5 2 , 138913.0335000006
6 162 7 2 5 205 7 3 3 180 5 4 5 279 11 4 4 170 17 4 6 112 1 3 5 218 3 5 , 117565.88125000024
5 286 1 7 1 95 17 1 2 124 2 6 2 304 12 4 3 107 18 8 1 88 2 2 3 189 5 7 , 120572.37199999992
6 203 4 1 1 208 12 2 4 250 14 4 2 27 10 6 2 219 11 4 4 205 14 5 5 265 8 3 , 162136.15100000016
3 110 6 7 2 202 4 7 2 201 20 3 4 87 19 2 1 299 15 3 1 120 6 2 6 59 7 2 , 155045.51225000087
1 104 6 1 5 295 18 4 4 138 16 1 2 27 5 4 3 288 9 2 6 201 7 6 6 286 17 4 , 163927.85774999962
5 252 13 8 6 247 14 8 5 61 7 2 4 167 17 8 2 269 14 8 4 127 7 4 3 167 12 3 , 216479.7267499991
2 55 9 2 5 148 17 1 3 33 4 2 4 178 13 4 2 89 2 2 1 104 9 2 3 181 6 7 , 136857.7827500002
1 172 12 3 4 99 8 5 3 33 17 7 3 127 7 6 6 154 19 4 3 237 17 5 4 205 8 8 , 157517.08125000042
1 170 13 4 3 180 10 4 3 130 12 5 3 51 3 7 3 201 16 1 1 163 10 3 4 40 2 5 , 120949.32824999982
1 150 20 1 4 61 19 7 3 277 13 4 4 185 13 2 4 50 7 1 4 50 4 7 5 70 19 2 , 208756.51075000028
2 302 5 8 5 145 10 4 3 199 9 5 6 282 10 5 1 64 4 6 4 307 4 4 1 134 5 1 , 92657.33850000001
4 175 11 4 6 24 3 1 1 138 4 2 6 90 3 2 2 108 1 5 1 75 1 7 5 281 5 2 , 56207.949750000116
4 276 15 1 5 38 8 7 5 301 14 7 1 109 7 6 1 81 20 4 5 291 6 3 5 105 2 7 , 257042.44725000046
4 209 2 1 5 74 11 1 3 305 2 2 3 318 10 1 2 172 17 4 6 288 20 7 4 43 20 7 , 173937.4040000008
2 80 18 4 2 215 3 5 6 293 10 3 3 32 19 8 5 224 1 3 4 292 13 2 1 286 19 6 , 168084.88249999942
4 294 17 8 6 214 10 8 2 284 7 6 2 134 7 7 5 98 4 7 4 96 1 4 6 260 4 8 , 109420.29225000016
4 134 1 8 4 239 11 4 3 293 6 6 1 275 18 7 1 153 7 7 5 46 9 6 2 245 4 7 , 113470.61575000008
3 35 9 8 5 157 10 1 1 95 20 2 3 191 19 6 5 258 9 2 1 252 9 2 2 145 20 2 , 187059.77050000065
5 99 11 1 3 262 18 3 5 273 14 2 1 101 2 3 5 176 2 4 1 300 1 4 6 314 4 8 , 133703.42274999997
5 99 5 6 5 166 3 3 4 147 4 1 2 141 6 6 6 307 1 6 1 218 11 3 1 44 18 8 , 99837.26025000008
4 171 18 4 2 85 20 6 5 183 5 5 5 136 3 6 5 107 10 8 5 106 9 8 1 48 10 7 , 156867.98749999973
5 234 6 5 6 240 11 3 6 249 15 3 6 150 9 6 5 198 13 2 5 262 19 7 2 276 5 8 , 174258.9095000005
6 88 15 6 1 138 7 1 5 291 9 3 5 316 7 4 2 68 13 8 2 37 14 6 6 216 10 6 , 152349.32875000036
6 135 4 6 4 48 17 1 6 147 2 3 2 221 20 8 2 204 11 7 4 78 14 7 2 196 14 1 , 177040.05299999987
6 66 16 2 1 249 7 4 4 304 16 3 1 209 6 8 5 201 6 3 6 189 20 8 1 299 1 1 , 161018.56725
4 43 3 3 3 215 18 8 3 221 6 5 2 64 8 1 4 160 9 2 3 170 16 6 6 128 13 1 , 165965.84424999988
3 28 13 2 4 245 16 5 1 78 7 1 3 125 6 3 2 211 4 2 6 220 4 8 5 46 13 5 , 158770.49949999992
2 281 8 6 1 260 11 3 6 101 12 1 6 163 12 4 4 37 15 3 3 214 5 4 1 262 3 1 , 121681.28775000019
4 309 17 8 6 168 7 4 4 199 16 8 3 120 2 2 1 162 16 5 1 163 13 8 1 301 8 3 , 148126.36199999964
2 40 1 2 3 239 12 1 3 312 14 4 6 247 11 6 4 107 1 1 2 92 20 6 4 262 18 2 , 143867.3457500003
5 50 19 8 2 318 3 5 4 202 13 5 4 167 3 4 5 148 19 2 5 132 18 1 2 91 4 7 , 147507.28825000013
5 185 3 8 3 307 17 7 2 147 2 6 2 263 8 5 4 273 1 2 6 62 4 2 6 113 7 4 , 79776.62125000008
1 180 4 2 1 35 11 8 6 90 8 4 3 314 14 7 3 286 10 1 5 137 19 5 6 257 12 8 , 145504.66924999995
2 188 13 8 3 250 10 5 2 319 10 8 3 270 14 8 5 100 1 2 5 152 8 4 2 127 15 8 , 143957.26624999958
3 169 14 6 2 70 13 5 6 36 19 3 5 91 18 4 1 200 7 7 3 64 18 5 2 304 9 7 , 190642.14850000033
4 79 4 4 2 160 10 1 4 290 5 6 2 156 11 7 6 33 15 1 2 87 6 7 5 271 18 8 , 137026.23850000018
6 120 18 8 2 91 20 4 1 17 12 6 6 31 9 6 5 266 18 8 1 127 10 7 4 39 6 1 , 189176.15575000003
2 274 8 3 2 77 15 8 4 250 6 5 2 183 4 1 5 55 18 4 4 135 4 4 4 296 19 6 , 154927.13299999986
3 24 11 7 4 217 14 6 5 264 2 6 5 54 10 4 4 212 11 5 4 257 11 4 6 284 6 8 , 144026.56250000044
4 201 9 4 6 212 8 4 6 109 13 3 5 256 13 1 2 217 9 6 5 279 20 1 3 245 9 1 , 170096.171
4 24 7 2 3 196 9 1 5 310 16 5 5 237 15 8 2 242 2 4 3 164 9 5 5 142 12 6 , 152549.95825000003
3 227 10 7 2 231 15 7 1 210 3 7 2 187 1 3 1 247 16 4 6 200 15 5 4 33 7 7 , 142790.36424999978
2 44 15 8 3 277 12 7 4 290 15 6 1 55 8 8 6 172 20 8 2 219 9 5 3 59 20 3 , 208839.18324999997
6 268 8 8 2 209 3 1 4 84 12 8 3 71 15 4 5 152 19 4 6 128 11 3 2 111 7 7 , 179261.55600000068
5 264 17 4 1 41 12 2 3 297 13 2 1 260 4 2 6 140 3 6 2 16 7 6 3 75 16 6 , 165991.6197499999
4 22 5 1 2 45 4 7 6 73 1 1 4 314 4 1 4 105 7 1 1 57 20 4 1 200 13 5 , 127900.4157500006
3 294 4 1 1 117 17 2 6 31 3 2 5 150 3 1 6 188 12 7 6 162 8 2 5 32 11 2 , 148911.91074999984
