6 93 4 7 6 271 16 2 3 49 7 6 6 81 4 2 1 186 16 8 1 221 3 4 6 216 2 4 , 111869.03774999986
2 200 9 4 4 84 8 6 4 114 14 2 4 252 12 5 3 40 12 8 1 41 11 3 4 50 2 2 , 155965.59600000014
6 222 6 1 3 57 17 2 2 57 12 6 2 248 11 1 6 29 1 3 5 120 1 2 1 295 1 2 , 145708.54074999987
6 33 2 5 3 306 19 3 1 29 4 3 5 142 2 5 2 93 4 5 4 231 1 2 2 282 15 6 , 107742.10849999983
5 165 13 4 1 28 13 7 5 256 16 3 1 212 19 5 3 169 16 3 3 157 3 3 4 278 9 4 , 202035.79850000088
2 237 3 7 5 219 11 1 2 257 5 1 1 93 17 5 4 294 18 1 4 238 8 3 3 95 11 3 , 188373.62000000023
3 84 16 3 6 246 10 6 1 233 6 4 3 259 8 1 4 177 20 2 2 58 4 6 4 306 8 7 , 180480.16325000057
4 225 2 8 1 38 2 6 1 100 10 8 6 285 12 8 4 285 8 2 3 265 1 8 1 287 14 3 , 125746.36299999981
3 306 1 5 1 277 6 2 2 151 9 1 6 202 3 1 6 205 8 6 4 301 20 7 4 166 20 1 , 182513.2605000006
5 25 4 1 6 100 6 5 2 81 16 2 5 305 4 1 3 255 7 5 3 234 3 6 2 129 20 5 , 169143.78424999974
5 149 19 2 6 97 13 1 2 319 17 2 4 153 4 8 6 302 2 5 4 303 2 8 4 36 15 7 , 186258.41425000003
5 272 11 6 1 243 17 2 4 90 11 1 6 43 9 4 5 85 4 7 4 173 20 7 5 257 2 1 , 185745.9674999998
5 205 11 8 5 215 17 6 6 207 17 3 1 284 18 1 3 90 20 5 3 212 9 5 3 107 18 1 , 281023.2427500007
2 227 4 2 4 239 5 3 1 199 10 1 5 119 4 4 3 188 13 8 5 18 7 4 6 60 14 7 , 201706.6437500004
2 209 13 4 1 306 14 6 4 251 6 7 1 242 8 2 3 317 15 8 5 262 5 3 2 52 14 1 , 185535.27074999997
6 117 19 8 3 186 12 6 5 169 14 6 3 253 16 8 1 267 7 8 5 219 8 7 2 177 1 2 , 205227.21325000052
2 84 10 6 3 288 2 8 5 45 20 8 4 206 1 7 6 63 2 8 4 309 14 1 6 289 20 5 , 162432.6142499999
3 117 13 1 2 172 6 5 6 32 10 2 3 249 18 3 6 128 2 6 6 217 16 3 5 84 16 8 , 191923.25299999988
4 58 7 1 2 302 7 1 3 203 2 8 2 160 10 5 4 264 14 6 1 193 10 5 4 32 12 3 , 177968.19524999993
1 305 19 8 2 151 7 1 4 107 2 6 5 151 16 6 3 269 17 1 2 23 10 7 1 299 12 1 , 224103.7735000006
2 200 17 8 4 64 2 2 5 201 15 1 6 55 3 7 1 243 9 8 5 285 11 3 6 291 5 4 , 139850.87699999992
4 139 3 3 2 98 11 6 1 221 7 5 6 209 16 2 5 265 1 3 3 152 11 7 5 198 1 8 , 110755.29925000004
1 258 9 1 4 250 19 4 1 199 3 2 6 85 3 7 4 249 18 1 3 210 2 8 3 281 17 3 , 186474.79000000053
6 79 2 7 2 19 2 2 3 229 17 8 1 174 15 6 4 273 19 1 4 119 12 2 5 306 19 4 , 199802.90674999947
1 46 7 5 5 139 17 3 3 27 7 2 3 118 3 4 5 139 11 7 2 43 7 6 2 151 9 4 , 159524.43474999996
6 56 2 5 1 146 3 1 1 56 5 1 3 154 6 3 6 319 11 7 4 88 18 5 5 21 1 8 , 111115.36175000037
2 173 10 5 1 285 10 5 6 300 20 3 4 138 16 3 1 286 5 4 5 28 2 5 1 131 15 1 , 198783.09649999955
3 102 5 2 4 47 13 7 6 276 9 8 6 175 6 1 6 141 3 8 5 16 13 7 1 232 11 5 , 137069.06450000024
5 136 7 2 4 277 19 1 1 195 15 6 3 133 6 8 6 193 20 8 5 262 11 7 6 30 2 3 , 215672.62824999972
1 52 12 1 6 66 13 8 5 313 13 1 5 314 11 8 5 295 17 2 5 135 10 7 5 124 9 6 , 172662.07925000007
3 108 15 2 5 125 14 8 4 44 12 5 2 103 5 3 1 302 1 2 2 303 6 6 5 21 17 4 , 136838.1989999998
1 38 3 7 4 266 13 6 5 122 20 6 3 128 16 4 2 210 15 6 6 265 6 4 3 20 1 8 , 145581.56575000018
6 300 4 3 5 189 17 2 4 135 14 4 2 92 5 1 2 228 12 2 2 144 13 6 5 238 15 4 , 149164.547
2 135 3 7 2 184 9 5 5 263 10 5 3 141 6 1 5 68 18 8 5 186 18 8 5 229 16 1 , 173729.68700000003
5 147 13 5 5 36 5 8 3 224 15 5 4 120 18 6 2 307 16 6 4 185 10 8 5 255 17 7 , 196908.6467499993
6 28 18 5 3 38 9 6 3 312 15 7 5 302 12 7 2 111 6 1 4 66 7 7 5 207 2 6 , 158991.5017499995
2 123 11 8 4 40 17 6 6 202 4 2 5 283 8 5 5 243 17 2 5 74 11 7 3 25 6 1 , 157127.8265000001
1 120 6 8 2 175 13 2 3 80 13 1 6 241 1 6 2 66 10 5 6 60 10 1 2 306 2 1 , 127891.52974999962
5 47 10 7 2 151 16 5 1 175 2 4 3 171 3 7 6 313 13 3 3 267 15 3 6 174 1 6 , 130985.5415000002
3 222 3 1 1 189 5 2 1 182 10 7 6 37 12 5 6 92 11 3 2 253 17 3 1 135 5 3 , 160859.66200000048
4 213 3 1 5 140 6 7 1 63 15 4 2 135 3 6 6 231 3 4 6 199 18 1 6 172 19 3 , 162126.60350000052
1 58 13 4 4 311 5 6 4 318 6 7 5 17 16 6 4 151 7 4 6 242 12 7 2 48 14 3 , 172840.42374999987
6 296 13 7 4 196 12 6 1 235 16 7 5 108 3 7 5 130 19 2 1 158 8 1 1 123 6 2 , 174184.15274999983
5 279 8 2 2 314 5 7 6 96 14 1 4 137 3 1 6 107 8 7 1 141 12 7 3 287 20 5 , 170884.93049999973
6 45 19 3 6 171 9 6 4 302 17 2 1 272 19 5 4 155 2 8 3 189 5 6 4 228 9 4 , 215892.22224999953
4 57 3 2 6 296 15 1 3 96 13 3 2 263 18 5 5 317 12 4 4 123 6 2 1 281 8 3 , 226982.56625000018
2 131 16 8 2 284 3 5 4 262 1 2 2 225 15 7 3 208 17 4 3 121 7 2 1 101 10 1 , 179038.2289999999
2 177 19 1 6 318 2 4 6 282 1 5 6 217 5 2 4 276 13 3 6 82 6 6 6 288 12 6 , 172320.74625000026
6 186 8 4 5 46 1 5 1 279 11 4 5 271 12 3 3 187 4 3 3 229 2 8 4 233 2 6 , 109988.87750000006
1 16 1 2 2 225 18 4 1 113 20 7 5 96 20 8 4 208 5 2 6 42 11 2 5 157 16 7 , 178457.4785000005
5 37 13 8 4 130 19 5 4 216 11 6 6 234 6 8 1 250 18 3 2 180 19 4 1 168 19 5 , 236838.0342500004
1 208 10 5 4 173 11 3 3 111 19 1 1 159 8 7 6 216 7 4 3 285 8 8 5 84 1 3 , 122602.25775000005
3 79 11 2 6 197 1 8 2 210 19 7 1 145 7 8 3 216 7 1 1 196 7 6 2 120 2 2 , 116327.41050000029
5 102 6 8 6 66 1 6 6 171 18 3 3 254 18 2 5 313 1 5 3 188 4 1 4 231 8 5 , 112583.5972500002
2 152 11 8 3 169 17 7 4 98 9 1 2 132 6 5 4 39 9 6 5 94 18 4 3 192 5 7 , 152863.33575000026
6 179 11 8 1 225 17 4 2 223 6 6 3 114 5 2 1 203 4 6 2 156 19 8 3 252 18 3 , 164635.7572500004
6 175 16 3 1 106 12 7 3 75 15 2 1 99 8 1 2 154 17 6 2 241 18 3 5 40 2 2 , 190045.57574999979
1 159 13 7 4 275 11 6 2 269 10 8 2 18 3 6 2 253 2 1 4 156 17 1 1 191 16 6 , 162339.25500000038
1 283 17 8 5 99 6 3 3 278 13 8 5 216 1 7 1 77 10 1 6 215 2 8 2 69 5 3 , 131455.0239999997
2 40 15 2 4 39 7 1 6 128 12 4 3 36 20 6 4 316 11 6 3 125 1 6 1 169 20 2 , 195011.81000000087
4 103 16 8 2 135 3 6 3 312 17 4 6 174 6 3 6 101 19 5 2 64 15 6 5 249 13 5 , 199566.85449999972
1 320 9 2 1 167 9 2 1 138 4 4 5 77 14 8 2 100 12 7 6 65 15 3 6 162 2 1 , 151747.85974999986
5 101 9 6 2 312 3 8 3 77 20 8 2 284 7 5 2 38 3 5 4 186 8 5 6 111 10 2 , 145579.84699999992
6 288 11 5 6 316 9 1 1 82 20 5 1 138 3 3 3 199 16 3 2 102 4 1 1 43 14 1 , 185097.99999999977
4 217 3 2 2 306 14 7 3 127 2 8 2 302 15 6 6 237 20 2 6 289 3 6 2 83 1 5 , 133855.88300000015
3 167 9 8 3 131 14 7 6 174 8 4 2 269 16 8 5 60 2 8 2 169 11 5 6 124 8 3 , 168694.02324999982
6 73 5 6 5 158 12 7 4 281 13 6 2 172 9 4 6 265 8 2 4 277 17 2 3 219 14 2 , 205269.68300000057
1 211 9 8 4 240 9 6 6 192 16 3 5 304 16 6 5 132 6 4 2 44 4 2 1 272 4 1 , 165769.14725000004
4 272 6 8 6 187 2 1 4 189 12 7 4 49 9 8 5 162 8 5 5 130 11 7 2 200 4 8 , 134180.03725000002
3 201 9 4 2 195 20 7 3 108 19 8 4 194 14 6 3 305 4 3 1 237 8 5 6 205 12 6 , 195243.08274999895
1 136 9 5 5 197 14 3 3 201 7 3 6 293 5 5 6 260 2 2 2 32 4 3 2 200 9 1 , 106207.10375000023
3 113 13 5 3 167 1 1 4 129 6 6 3 101 8 1 6 90 8 1 2 248 11 6 1 240 4 6 , 102943.23624999999
5 85 5 6 5 254 3 8 3 292 12 4 2 29 8 5 5 141 3 8 4 103 2 2 1 267 4 7 , 75693.10050000029
2 213 8 2 4 314 15 2 2 284 11 5 2 275 5 6 2 289 10 4 5 122 15 1 5 269 15 5 , 197621.2332500004
4 210 1 1 3 129 10 1 6 22 13 6 6 219 4 2 6 26 8 1 4 83 1 2 1 216 17 7 , 162565.69925000012
3 47 14 4 2 118 9 2 2 186 10 3 5 289 9 2 2 136 1 1 6 29 9 4 2 223 19 1 , 146936.96175000013
6 240 7 8 2 136 17 6 1 156 9 8 1 86 11 2 4 43 3 2 6 247 14 5 6 293 14 2 , 162187.1287499996
6 89 3 6 6 109 11 6 5 185 19 3 6 134 20 4 6 159 7 4 4 294 16 1 3 218 20 3 , 206763.86074999938
5 306 7 7 6 58 7 4 6 57 2 4 4 173 17 5 4 267 1 1 5 140 12 3 6 200 14 7 , 144412.14375000025
6 89 14 5 1 112 19 4 1 307 12 2 2 113 7 2 6 60 13 6 6 155 17 1 4 94 6 2 , 189825.89850000007
2 49 17 3 3 81 5 2 1 262 15 1 2 126 7 4 2 21 2 2 2 256 12 6 3 30 19 2 , 165966.82250000065
3 297 5 2 5 92 9 5 3 286 2 8 2 266 14 5 5 145 17 7 4 255 16 5 6 209 19 5 , 207728.25799999933
1 71 10 7 1 219 10 3 4 310 4 3 3 208 3 2 4 277 17 8 4 117 19 7 2 295 15 7 , 197080.43850000005
5 101 15 8 1 33 10 3 4 41 13 8 5 190 17 3 2 149 6 5 6 285 1 4 2 134 17 2 , 183668.54899999968
4 174 14 4 6 85 9 6 5 311 17 4 1 266 11 4 5 124 10 2 1 169 4 2 3 274 16 6 , 213732.34249999933
2 162 5 5 5 277 11 1 6 231 17 6 1 149 5 1 4 238 11 1 5 207 5 1 5 226 10 6 , 185943.10650000002
6 117 16 3 5 218 8 5 6 276 17 3 4 58 7 2 5 320 16 6 3 228 1 7 2 16 12 7 , 208062.6064999999
5 35 12 5 1 108 1 6 1 186 19 6 6 119 18 6 4 220 11 1 6 51 5 1 3 65 4 2 , 177468.42974999975
5 39 16 2 3 261 13 5 1 253 10 8 1 123 3 1 5 191 7 4 3 48 10 4 3 90 10 1 , 244954.93699999969
5 32 6 4 4 149 10 8 6 149 11 1 6 127 17 3 1 23 7 7 5 57 12 1 6 303 16 1 , 164742.0922500001
3 140 10 8 5 143 1 3 5 166 6 8 5 127 10 8 2 29 9 4 3 315 18 4 6 69 12 1 , 135636.0190000003
2 152 20 4 4 65 13 6 6 60 8 5 2 68 11 3 2 215 6 5 2 279 3 1 5 243 8 7 , 144168.32825000022
2 79 7 7 4 252 4 6 6 227 17 6 2 193 20 8 1 94 11 5 1 170 14 3 6 101 12 2 , 177940.81199999942
1 100 15 2 3 52 18 3 5 54 2 1 5 200 19 6 6 299 3 7 1 169 17 6 1 56 16 1 , 187994.43775000045
5 304 16 5 5 24 2 3 6 50 8 5 5 46 1 3 3 298 3 5 5 20 4 6 5 163 6 2 , 90901.7387500002
4 135 1 8 3 233 18 4 5 284 2 3 2 57 6 7 5 61 13 1 5 173 8 5 4 122 12 8 , 131241.54574999973
2 110 10 1 5 86 4 3 3 317 16 7 4 52 3 4 4 288 15 5 3 42 8 7 5 35 18 5 , 195022.7992500003
5 239 11 6 4 138 7 2 1 84 11 3 4 267 5 5 6 43 7 3 2 51 3 5 2 287 6 6 , 122340.21725000009
3 137 5 6 2 156 9 5 4 36 14 5 5 24 17 5 3 196 8 2 1 222 19 3 5 119 12 1 , 199291.44175000075
3 32 19 8 3 287 7 5 4 105 4 1 4 18 8 6 6 41 13 7 3 193 16 1 5 297 8 2 , 150997.16025
3 193 16 6 2 275 5 8 5 157 17 2 1 26 11 2 1 168 6 2 1 149 8 3 1 30 3 3 , 162472.50999999922
5 261 7 6 1 217 13 5 2 268 7 6 5 43 6 6 6 185 3 1 5 74 9 2 6 250 6 5 , 127691.88899999986
6 41 10 7 4 51 18 6 6 40 16 4 5 108 10 6 1 276 10 1 5 168 20 1 6 91 2 3 , 188673.79399999988
3 147 16 4 6 127 10 2 4 142 3 8 3 239 3 2 4 296 12 5 6 292 13 4 2 115 8 4 , 152197.5747499999
4 312 8 2 5 312 15 4 3 296 12 7 5 172 8 8 1 69 19 2 4 227 18 2 5 296 7 6 , 199981.3960000009
1 200 2 5 5 304 18 1 3 239 13 7 6 204 4 8 4 153 6 4 3 52 13 7 1 37 19 2 , 173959.79424999974
5 292 19 5 5 134 2 4 2 159 12 2 2 182 8 7 3 68 7 2 2 25 15 8 2 140 14 2 , 189825.54050000012
5 116 5 4 2 115 8 3 3 270 2 8 2 133 12 7 3 196 9 2 4 105 20 4 3 220 19 6 , 194382.06874999945
1 48 14 2 1 57 20 4 4 199 8 7 5 213 10 4 6 286 11 1 6 51 10 4 3 91 15 2 , 221620.10724999936
5 294 1 5 4 149 7 1 6 158 9 7 3 311 13 4 4 223 3 7 5 40 9 4 3 31 3 5 , 88567.63125000012
5 247 3 2 5 295 16 2 1 196 2 2 4 20 16 4 5 150 6 5 5 163 15 3 1 68 2 4 , 127535.44400000005
1 231 9 3 3 65 7 4 1 60 7 6 1 67 14 6 1 38 12 6 3 316 9 2 6 63 5 1 , 130054.42624999984
4 278 6 2 4 257 11 7 1 304 20 2 6 215 11 3 5 174 3 4 4 275 4 6 2 65 4 1 , 133524.25975000008
1 229 7 2 6 250 9 4 1 158 17 5 2 308 15 5 5 167 11 4 5 106 18 6 3 231 16 2 , 186025.60899999985
2 189 2 8 6 300 5 7 4 198 19 6 3 170 12 1 2 263 10 2 4 109 12 1 5 128 8 5 , 146812.38799999972
1 188 18 8 2 155 5 8 1 66 13 5 4 292 5 4 2 71 20 6 4 289 19 2 3 186 5 7 , 207337.97750000085
4 209 7 5 6 260 6 2 1 136 5 5 4 213 11 5 4 231 6 6 2 80 18 3 5 278 16 3 , 142172.54749999932
3 64 2 3 1 62 15 8 4 104 4 3 1 95 7 6 2 121 1 7 5 27 13 1 2 78 5 6 , 106881.6567499995
1 119 18 8 3 149 13 3 6 276 6 7 2 139 10 3 1 144 4 1 1 174 7 2 3 208 14 8 , 185678.66624999983
2 212 11 3 2 239 14 5 4 268 15 6 2 300 10 6 1 158 2 5 4 155 6 5 3 75 15 6 , 174174.50099999958
2 179 8 4 3 212 9 5 3 108 14 5 6 67 4 8 1 221 16 2 6 294 3 5 6 114 7 6 , 141797.33425000025
6 20 4 4 5 206 14 6 5 191 5 6 5 130 1 3 2 290 18 6 5 316 14 2 6 230 11 6 , 166204.0152500007
1 127 4 3 4 303 2 2 1 164 13 8 3 193 3 3 4 90 15 6 4 250 16 2 6 205 8 4 , 158476.50149999955
5 288 3 3 3 47 15 4 4 139 1 8 2 58 16 3 6 25 11 8 1 78 14 3 4 220 10 1 , 171431.44700000033
5 297 14 5 5 164 6 3 6 102 13 1 4 170 8 2 6 61 6 2 5 30 12 2 3 278 1 3 , 145660.70050000004
1 304 7 5 1 79 15 7 2 293 18 5 3 58 16 2 2 43 5 5 4 231 9 4 2 116 11 3 , 187396.50150000016
6 133 13 2 1 100 20 5 5 279 4 8 4 146 8 3 3 219 7 6 5 56 20 8 2 292 16 6 , 222626.4510000008
1 143 15 2 3 81 6 4 4 193 4 8 6 298 8 5 2 134 11 5 4 61 15 8 5 97 13 3 , 192903.19974999983
3 31 9 2 4 18 5 6 3 218 9 8 5 60 17 8 2 137 18 8 3 294 8 8 1 201 9 7 , 210304.0887499999
4 26 5 6 2 275 17 5 3 280 3 2 1 116 4 3 2 52 4 8 1 29 17 5 5 36 13 3 , 147821.70950000035
6 98 15 6 1 140 16 3 5 268 11 8 2 69 6 5 4 23 7 1 4 20 7 2 3 110 4 3 , 146789.25724999997
1 29 14 7 6 241 11 5 6 275 12 5 2 295 5 7 6 149 15 4 4 103 16 1 1 161 17 1 , 188033.79949999964
4 143 3 2 5 69 10 7 5 195 12 4 1 89 11 5 3 268 15 2 4 315 17 5 1 226 12 1 , 175654.9312499995
1 312 15 7 3 319 7 6 3 294 4 5 1 39 10 1 3 91 17 3 3 84 9 2 4 291 7 8 , 136839.9829999993
3 252 14 6 2 230 5 6 4 203 12 2 6 149 12 6 5 277 11 8 5 109 17 5 1 170 2 6 , 159764.08300000004
6 112 13 5 5 291 1 7 6 32 9 5 3 72 11 2 1 149 8 2 5 178 4 2 2 267 14 6 , 132037.68500000014
2 180 6 8 5 165 3 7 3 238 4 6 3 202 18 5 2 18 3 6 6 140 14 8 6 261 11 1 , 163191.26275000034
1 56 15 1 3 28 14 7 1 44 8 5 5 299 10 8 4 138 15 4 1 117 13 7 1 291 4 4 , 166116.90125000026
6 228 5 6 2 294 10 7 1 199 8 7 3 287 2 1 4 23 14 2 5 138 8 8 5 234 12 1 , 143552.38724999988
5 261 15 6 6 64 2 6 5 213 13 5 3 137 10 2 6 297 13 7 5 83 19 5 1 137 5 7 , 182405.42650000032
3 153 3 3 4 320 11 3 2 58 17 1 6 277 18 6 1 210 6 2 4 314 20 2 2 46 15 1 , 208821.5995000016
1 177 10 5 2 121 13 6 1 175 14 2 4 33 17 1 4 208 8 6 6 30 3 7 4 279 5 8 , 164796.0292499998
4 206 7 3 1 62 14 5 3 203 17 8 3 91 1 6 1 223 16 8 4 177 12 5 3 172 9 4 , 170254.33375
5 160 10 5 4 148 18 4 2 96 8 8 3 204 10 3 5 27 5 3 1 47 2 1 3 123 20 2 , 179647.87475000034
1 298 15 2 6 290 6 3 4 209 5 8 3 153 10 4 5 234 10 4 6 285 13 4 4 259 13 3 , 180436.31875000038
5 65 10 4 2 135 17 6 1 106 16 8 6 134 2 8 2 208 19 8 4 93 1 8 2 157 12 2 , 207983.00724999967
1 51 14 8 3 252 4 3 5 142 12 7 5 43 4 8 6 269 20 2 5 64 13 1 2 143 20 3 , 203531.7227500005
3 199 10 6 5 318 17 1 3 76 12 8 1 17 15 2 2 228 4 5 5 245 6 8 5 310 16 8 , 186451.8892500006
3 250 10 1 6 291 3 7 5 228 19 1 3 306 9 3 5 43 2 5 2 230 16 6 5 133 8 1 , 199211.8574999995
2 156 20 7 4 310 7 4 3 180 3 8 3 299 14 1 1 268 19 6 2 29 18 2 1 214 6 8 , 215539.83824999994
5 38 15 8 4 320 5 7 1 113 10 3 6 64 20 7 4 314 8 7 5 248 10 7 6 109 7 5 , 149075.13449999984
6 310 10 8 1 192 4 6 1 33 10 8 3 281 13 6 5 285 13 1 5 152 9 7 1 164 19 8 , 157299.13275000037
1 311 19 2 1 309 5 2 2 249 13 3 2 236 15 7 2 270 12 8 3 102 16 3 6 235 2 5 , 179348.67125000004
1 314 20 5 4 257 6 8 6 250 7 2 6 135 9 7 1 114 4 5 4 88 9 6 1 148 18 1 , 156237.4802500002
6 135 9 1 5 79 16 6 2 114 5 7 3 105 12 1 4 161 15 4 2 81 15 1 2 241 16 7 , 265534.11750000087
3 19 1 8 6 34 10 5 2 23 12 2 5 230 4 2 5 145 7 1 4 183 16 4 4 170 10 8 , 131733.92925000025
2 129 8 6 6 94 11 2 5 119 18 3 3 55 13 3 2 242 2 1 4 101 18 1 1 308 7 6 , 172932.172
2 147 17 2 4 209 2 5 2 296 8 7 3 102 19 3 2 282 7 5 4 281 9 5 4 78 5 3 , 148860.68125000037
6 287 1 8 6 163 14 5 3 299 4 8 5 68 1 8 2 290 11 4 6 262 3 6 4 144 18 3 , 128806.0935000001
1 85 15 1 6 269 5 4 1 142 9 1 1 312 3 2 4 37 11 7 6 288 11 2 6 151 14 2 , 145174.18450000038
3 274 17 3 4 112 11 7 6 199 7 3 3 130 13 8 4 33 14 1 3 132 8 6 4 164 3 4 , 184775.87874999974
6 168 5 5 4 31 13 7 4 62 14 8 3 244 10 7 5 95 19 8 1 48 20 7 2 175 13 2 , 227751.72174999936
4 61 16 1 5 270 4 6 2 26 14 7 5 155 18 7 6 193 12 1 3 195 4 6 4 77 6 3 , 167656.19549999974
2 78 19 2 3 286 19 3 5 298 18 4 2 290 12 5 1 237 3 7 1 102 9 2 5 288 4 6 , 222802.54825000002
4 120 8 1 6 112 6 8 3 21 14 6 1 72 13 6 5 238 8 8 5 171 6 5 6 150 2 3 , 154448.12924999974
1 48 14 7 6 231 5 5 5 205 9 4 1 238 2 3 1 296 13 8 1 117 4 6 6 52 20 4 , 170287.3754999999
5 171 6 7 2 191 20 5 3 72 9 2 6 204 17 5 6 97 18 8 6 245 12 1 6 123 6 4 , 214341.45299999998
5 142 19 3 3 56 3 2 3 94 2 6 6 195 13 7 2 278 20 1 5 265 11 2 5 151 13 5 , 196940.16799999904
3 142 12 5 5 178 11 1 3 171 10 5 3 247 19 7 5 26 4 6 5 104 12 5 2 223 1 4 , 172830.2977500002
1 144 2 7 6 91 3 8 3 45 13 8 1 260 8 5 6 240 4 7 5 265 6 2 1 108 5 1 , 86217.62349999999
6 138 8 5 6 299 12 8 4 139 13 4 4 197 16 5 6 136 11 8 5 308 11 5 1 37 7 8 , 165129.659499999
1 20 12 5 6 69 16 4 1 227 1 7 2 134 6 8 5 64 16 3 6 37 11 7 5 30 4 5 , 158122.9932499997
5 25 19 4 5 276 18 2 5 79 18 6 5 79 4 8 3 116 6 6 4 73 7 5 1 304 1 6 , 162158.89099999945
5 40 19 8 4 124 14 7 4 112 7 1 6 315 13 5 5 124 19 6 2 210 4 7 4 76 13 6 , 193497.3612499995
6 64 14 6 2 24 13 7 3 255 4 8 4 95 16 2 6 198 5 6 4 115 11 5 6 288 3 3 , 145084.9815000003
5 183 10 1 5 313 6 6 6 270 17 6 4 120 8 2 2 195 1 1 5 125 8 4 1 103 1 3 , 175624.74174999952
6 18 8 8 2 259 3 1 1 143 5 6 4 46 19 5 6 76 11 5 1 81 16 7 4 309 10 7 , 171752.89724999978
4 280 20 7 6 225 11 1 6 161 19 2 2 38 7 5 3 233 18 5 6 262 14 4 6 296 13 7 , 250306.58674999885
2 245 16 8 1 261 13 6 2 238 9 4 4 217 2 8 5 320 5 8 2 112 1 5 6 94 5 3 , 126353.3612499997
5 222 15 8 5 134 9 4 4 256 11 5 2 227 6 6 2 209 19 8 5 242 2 4 1 164 18 6 , 182121.59175000017
3 269 16 6 2 250 6 3 4 295 20 5 2 236 11 6 3 246 10 5 5 111 1 6 5 148 8 4 , 182254.75299999974
6 117 12 8 1 96 11 2 3 93 12 6 6 63 13 8 6 283 9 1 6 70 16 8 3 177 16 1 , 220937.7197499999
2 204 18 7 6 279 14 6 4 303 11 2 2 225 12 3 5 29 13 2 4 265 1 5 6 200 15 3 , 202345.1144999995
4 120 20 5 4 109 14 1 1 86 10 3 4 193 6 7 6 180 4 7 5 291 1 2 6 169 17 5 , 175668.48200000016
3 77 11 5 3 27 5 8 4 226 8 8 5 240 17 7 2 306 11 6 5 259 9 6 1 105 10 5 , 177382.8974999996
1 66 20 3 4 265 10 1 1 149 5 2 4 121 13 7 3 174 12 7 4 136 13 7 3 20 12 1 , 201422.47300000093
4 87 2 1 4 194 16 1 6 29 6 3 2 255 16 1 5 283 8 2 6 152 15 4 2 135 13 2 , 274260.1232500011
2 271 10 6 5 292 8 6 3 201 4 3 3 265 12 5 5 128 4 5 5 45 13 6 2 187 5 2 , 135741.29625000013
5 88 18 6 1 116 12 5 2 29 9 8 6 270 2 8 6 159 11 6 5 205 5 7 1 81 5 5 , 174743.07850000082
4 139 9 8 2 245 4 7 2 157 3 6 2 215 4 1 5 192 12 8 5 206 7 3 5 289 17 1 , 208389.32549999983
4 77 12 7 6 123 11 6 3 276 20 6 5 86 15 4 3 273 5 6 4 55 19 1 6 283 3 8 , 183289.84549999906
1 283 1 5 2 30 19 6 6 291 9 3 3 106 11 6 3 157 1 5 4 44 5 5 1 236 8 7 , 134632.43549999944
6 240 16 7 3 240 4 1 1 314 19 1 4 297 12 1 1 235 7 5 1 16 13 8 6 314 15 8 , 178342.49399999986
4 278 8 7 1 157 2 6 2 56 18 8 3 255 1 1 5 301 7 7 2 100 18 1 4 96 13 4 , 136726.13675000006
3 56 2 1 2 285 9 7 3 170 20 6 2 312 5 4 2 295 9 2 6 49 5 1 2 25 5 4 , 120733.62600000003
4 115 4 7 1 263 7 1 1 282 3 8 1 145 1 3 1 241 2 5 2 26 5 8 4 201 17 5 , 83726.95800000006
5 211 5 3 2 193 4 3 2 302 19 3 1 152 13 5 2 26 10 1 4 272 7 6 5 244 11 2 , 141856.38425
4 198 3 4 2 269 3 1 6 57 20 8 2 136 18 5 5 176 2 4 6 280 7 4 3 38 6 7 , 152175.76475000003
2 80 8 8 6 47 17 4 5 180 17 2 5 197 7 7 4 242 18 5 6 315 5 1 1 89 6 4 , 169567.59950000036
1 45 7 5 6 212 20 5 6 254 8 6 3 43 11 8 3 57 5 7 4 92 10 8 2 283 1 4 , 148229.78550000017
6 48 7 6 3 191 18 1 4 190 5 6 6 146 12 1 1 311 5 8 5 179 8 6 6 292 6 6 , 144966.18150000004
5 282 7 1 6 265 10 3 3 211 10 1 3 230 12 5 4 179 17 4 1 305 20 1 5 302 6 2 , 305499.06750000105
4 145 9 5 3 262 4 6 4 48 3 4 6 157 19 8 3 275 9 8 5 63 2 7 6 113 1 4 , 122669.67075000024
4 18 1 2 2 191 13 2 3 38 8 1 4 253 18 7 3 317 13 5 4 44 2 2 5 276 7 3 , 147510.86450000017
4 178 5 6 6 152 4 3 2 257 2 8 1 45 9 2 2 131 17 8 5 93 3 4 4 83 16 8 , 140303.57874999952
1 53 9 4 3 248 12 5 5 213 10 1 4 134 3 3 1 159 15 7 2 191 1 4 4 40 12 1 , 176927.39375000005
6 64 3 4 3 250 18 6 5 179 5 6 5 86 20 8 3 226 17 6 3 161 4 7 1 160 8 1 , 176428.41250000082
2 65 8 6 4 124 1 5 4 305 5 1 6 295 6 7 4 119 6 4 4 223 1 4 1 250 9 6 , 100098.04274999973
3 204 2 8 6 119 8 4 3 180 15 8 2 31 18 3 1 56 15 3 2 121 13 6 3 199 6 1 , 214338.03125000012
2 34 5 2 4 220 4 4 6 64 9 6 6 290 17 1 5 245 17 7 2 56 10 4 2 100 3 4 , 126097.44900000014
4 16 9 2 1 24 1 1 6 99 5 5 3 224 3 1 3 312 7 5 6 90 19 3 1 111 2 2 , 103193.17299999992
3 29 14 4 3 106 18 4 3 164 7 2 1 263 10 8 3 123 16 5 3 214 20 1 2 69 6 4 , 233830.82049999994
5 180 13 5 5 207 13 3 1 193 2 5 6 162 6 8 2 184 4 4 1 18 2 6 4 172 11 5 , 113870.59024999988
1 217 10 6 3 70 15 8 4 163 1 6 3 249 17 4 3 81 7 1 3 176 17 5 2 131 9 2 , 149574.7577500004
2 245 20 5 1 280 9 8 3 153 6 3 6 266 6 3 4 187 11 6 5 53 14 8 6 206 14 2 , 169073.43550000034
1 200 15 8 6 311 1 4 3 43 11 4 5 86 18 1 5 216 2 5 4 51 18 5 2 122 5 4 , 158608.17074999973
5 313 8 5 1 233 10 2 1 143 6 4 3 129 16 6 5 194 10 4 2 315 10 3 5 58 11 8 , 153882.96649999951
5 27 11 7 1 267 12 5 1 173 16 1 1 39 10 8 1 117 15 5 5 26 3 2 4 220 15 6 , 260732.57099999985
6 221 10 2 5 266 13 8 6 105 1 8 5 218 4 2 5 158 5 5 6 98 1 4 5 122 11 3 , 101489.01950000002
5 249 4 1 4 190 20 1 6 225 16 4 3 80 8 6 5 179 9 3 1 317 14 6 4 29 12 7 , 351585.301250001
1 189 18 7 3 184 12 2 4 39 7 4 1 112 7 7 3 275 15 6 6 80 11 5 4 179 1 7 , 156511.10125000012
4 241 11 4 4 144 10 1 1 194 18 3 1 62 14 4 4 180 16 5 5 74 1 2 5 46 8 3 , 162550.69299999997
6 285 7 8 2 91 14 4 4 162 13 2 2 140 3 7 4 282 10 7 6 133 18 1 1 107 3 7 , 177245.69849999924
1 271 16 4 4 171 5 8 1 83 5 7 1 225 12 3 1 35 1 5 5 170 9 6 5 225 4 2 , 130350.07399999996
5 290 6 8 6 249 13 3 6 84 18 8 2 18 15 6 3 275 18 8 2 264 2 4 1 93 1 5 , 180350.92875000043
2 159 17 8 1 56 1 6 3 183 13 8 4 286 14 1 4 164 7 4 5 272 18 4 4 89 17 3 , 212179.37000000113
3 129 15 2 6 41 16 3 6 46 2 7 6 301 9 7 5 180 14 1 1 270 2 1 1 191 11 7 , 169809.03999999986
5 226 3 2 5 243 3 5 2 66 20 3 5 261 17 8 6 313 19 3 1 277 7 3 2 234 6 6 , 188161.07825000037
2 179 13 1 5 305 6 4 1 222 18 5 5 267 12 6 2 39 17 4 4 39 4 5 6 210 3 2 , 213359.7912499997
3 117 10 3 4 27 3 8 4 87 6 1 3 110 3 4 2 199 2 4 2 147 11 4 4 179 15 2 , 101503.73749999981
2 228 12 1 2 294 11 7 2 49 19 6 1 246 11 1 6 283 16 1 2 39 18 2 5 173 14 5 , 261035.88275000133
5 224 17 7 1 146 14 1 1 123 4 5 6 295 5 2 4 116 12 4 4 25 20 6 3 103 18 7 , 211801.32400000008
3 108 6 2 4 16 12 7 3 285 5 5 5 127 10 1 2 192 11 4 3 68 7 3 2 47 17 5 , 172219.0322499989
2 204 19 6 4 90 2 8 6 100 17 4 3 160 2 2 4 49 16 3 4 278 7 8 4 290 1 1 , 129326.86475000002
2 249 16 3 5 82 5 3 2 63 17 5 1 51 10 4 6 36 9 1 2 115 19 2 6 299 14 4 , 181966.14099999983
2 127 10 4 5 174 18 5 1 86 6 4 4 298 10 1 5 83 6 6 4 122 5 2 4 190 20 7 , 170390.88624999928
5 169 2 8 5 201 4 7 5 295 3 5 3 98 10 5 4 96 4 5 2 16 4 6 4 26 16 5 , 99698.22550000015
6 236 7 6 1 111 9 2 1 226 4 5 5 113 19 2 3 205 4 7 4 86 9 6 5 109 15 5 , 147010.92600000039
6 245 20 3 4 229 1 7 2 51 15 3 5 201 11 6 4 143 16 1 4 243 5 2 6 223 17 6 , 234367.73000000004
1 293 11 4 2 94 2 2 4 226 17 6 2 213 9 1 5 30 6 6 4 305 18 5 4 116 16 6 , 198087.9552500004
3 207 20 5 4 151 12 4 4 25 7 4 5 295 18 7 6 191 20 3 2 64 9 4 5 56 19 5 , 249478.20324999915
6 78 12 5 5 231 4 6 2 123 4 6 5 147 2 8 5 133 2 6 5 66 20 4 1 139 7 7 , 117069.44625000001
2 56 7 1 2 185 13 6 6 57 4 7 1 78 13 5 4 318 4 7 3 230 19 8 1 125 18 3 , 175654.19250000024
1 185 12 2 6 30 10 5 5 37 12 1 1 281 16 3 3 58 8 7 5 44 3 1 5 61 13 5 , 172493.23000000007
1 108 16 1 5 227 14 4 1 315 13 3 1 100 20 2 2 246 11 4 5 100 10 5 5 296 8 1 , 244453.68999999957
3 315 3 5 2 99 13 8 1 175 15 5 1 140 15 4 4 249 19 4 2 139 19 3 4 136 9 4 , 232072.32775000055
6 176 19 4 3 248 3 1 4 135 9 3 3 90 12 1 1 137 1 2 2 43 14 6 5 95 10 6 , 207794.10050000032
5 118 1 2 5 230 15 4 1 219 5 8 3 29 15 7 4 143 18 7 1 302 6 7 6 104 1 8 , 145990.80800000014
6 102 1 4 4 235 3 5 2 140 8 6 1 301 2 2 6 177 4 8 1 301 20 5 5 151 10 7 , 146759.02375
1 240 15 2 2 229 19 4 5 210 17 1 3 210 18 2 6 271 16 2 6 320 19 4 1 257 11 7 , 262921.0265
4 231 18 7 6 141 18 8 2 186 13 2 3 186 12 7 2 197 4 1 2 90 9 4 4 59 19 1 , 209830.04075000004
4 157 19 5 1 114 14 5 2 220 5 1 3 171 13 6 6 122 14 6 5 216 10 2 4 292 20 4 , 216236.23849999977
5 208 8 6 1 81 15 1 5 67 20 7 3 61 1 1 1 290 11 7 2 41 6 8 6 238 1 6 , 125667.13650000033
3 59 14 5 1 201 17 7 5 82 10 5 3 73 18 1 1 299 11 4 5 194 10 1 3 39 3 4 , 203160.52650000027
5 127 13 2 2 275 2 8 3 18 15 5 4 38 6 4 6 140 7 3 6 253 9 5 4 303 8 4 , 133539.80599999946
4 150 11 3 2 194 18 5 2 171 10 2 2 299 6 6 6 25 18 1 3 235 19 4 5 43 10 3 , 218375.92725000033
4 137 17 2 6 268 6 2 2 153 9 4 3 185 4 3 1 96 12 5 4 124 20 5 5 244 19 4 , 213659.58650000015
3 109 10 3 6 128 8 4 4 159 11 3 4 283 1 2 6 206 12 3 6 28 4 6 6 135 11 1 , 129248.63674999998
4 304 19 1 3 185 15 8 5 150 13 4 4 254 6 6 4 154 17 2 4 152 5 6 5 262 7 2 , 349804.24875000014
5 108 11 6 1 226 5 5 4 236 6 6 4 29 16 1 6 232 3 3 2 21 15 7 2 45 5 6 , 144120.92475
3 195 17 1 3 256 7 1 1 165 1 1 3 67 2 4 2 68 3 6 2 252 13 2 1 92 10 8 , 232803.36574999997
5 173 20 1 1 112 9 3 5 276 16 3 2 178 13 4 1 157 13 8 1 199 4 1 2 256 9 7 , 278292.8127499998
2 287 12 7 1 25 9 3 3 76 11 3 4 141 16 4 4 260 6 6 1 307 1 4 5 31 5 5 , 140755.6377499999
2 34 6 1 1 41 6 3 1 69 18 1 4 280 8 4 4 316 3 6 4 171 2 4 6 161 15 8 , 141812.85099999965
5 89 16 3 5 210 20 4 4 250 6 5 6 61 17 7 5 74 8 5 3 98 3 5 5 151 14 7 , 224485.9225000017
5 290 4 6 6 247 11 7 1 142 7 6 5 48 4 2 4 127 7 4 1 24 7 2 2 280 12 6 , 136348.36974999995
5 213 13 4 2 35 9 1 5 205 4 1 1 185 14 4 1 280 10 4 6 31 15 5 3 64 14 7 , 195414.18024999986
5 137 16 6 2 298 19 7 5 46 9 4 4 106 1 4 3 100 15 6 6 277 4 2 5 206 8 2 , 181127.15524999972
3 243 3 5 5 28 11 3 1 99 8 4 1 256 4 3 1 60 1 1 3 166 2 3 5 260 8 6 , 105988.98199999996
5 67 14 5 1 90 2 6 4 261 10 8 6 106 7 2 4 308 1 2 3 109 7 8 3 96 2 5 , 109979.21674999988
4 152 13 5 3 275 18 8 6 252 10 1 6 68 9 5 3 71 12 8 2 36 14 5 4 117 5 4 , 176789.58424999964
1 250 15 7 2 236 17 6 2 70 13 4 3 314 14 7 5 320 4 8 6 216 8 7 6 264 15 8 , 211106.26374999952
5 280 9 6 4 306 4 4 4 260 13 7 4 173 14 7 3 40 14 7 3 40 10 4 3 81 15 4 , 179252.2307500002
2 136 15 8 1 270 1 3 4 102 15 4 1 18 19 3 5 64 9 2 5 261 4 1 1 208 4 5 , 132989.7520000001
2 196 20 1 1 266 6 2 6 243 14 8 4 280 16 3 2 40 9 2 2 151 14 2 4 43 6 2 , 279957.02899999917
4 84 5 2 2 69 9 4 3 95 7 7 2 140 14 5 1 60 18 7 6 292 15 2 3 24 18 2 , 179837.95099999994
4 308 8 1 4 311 15 5 3 211 1 5 5 50 3 1 4 316 2 4 4 43 1 2 1 265 9 4 , 197185.8632499996
2 16 19 4 6 226 6 2 2 36 5 8 6 251 8 2 4 71 8 1 6 54 15 8 6 130 10 7 , 153271.23275000034
2 141 11 6 3 79 19 2 4 273 16 6 2 238 15 5 4 295 11 8 5 160 12 3 4 172 8 2 , 189099.45974999963
2 51 1 5 3 109 19 5 5 257 7 2 5 301 8 1 1 95 2 7 6 122 20 1 2 300 15 6 , 181408.40299999996
1 200 8 6 1 297 7 1 1 64 1 3 4 210 20 1 4 27 18 5 6 276 18 7 4 298 11 3 , 202840.0434999988
4 289 20 1 4 199 5 3 3 309 12 5 2 306 8 2 2 215 2 3 2 184 11 1 6 239 11 4 , 370673.94049999997
5 89 11 6 6 299 15 7 6 254 13 4 2 221 12 8 1 106 2 1 6 207 19 1 3 130 7 6 , 209302.64349999925
2 83 14 4 4 106 9 2 3 302 9 5 1 124 2 6 5 268 16 5 3 300 8 4 3 190 13 4 , 171727.42274999997
1 308 10 7 5 318 20 3 1 243 4 1 5 240 19 5 5 281 20 2 1 234 13 4 4 316 3 3 , 223425.63149999952
5 204 19 2 3 19 1 6 4 300 7 8 3 155 10 4 6 245 1 6 1 299 3 6 4 64 3 4 , 136552.02874999988
2 71 1 8 3 287 7 2 3 169 20 4 6 240 4 1 1 132 1 7 5 118 3 2 6 287 6 1 , 96991.57449999996
6 181 20 4 1 266 5 2 6 32 6 8 6 308 18 6 4 153 11 7 1 304 11 3 3 68 13 6 , 203784.4942499993
5 76 18 5 6 121 12 7 1 57 9 4 4 100 10 3 3 118 1 3 6 244 7 2 1 184 4 2 , 161758.08449999933
4 204 4 1 5 80 20 8 3 224 1 4 6 306 15 2 6 99 11 8 1 91 5 7 3 261 10 3 , 165991.00800000003
2 54 3 7 2 40 14 8 1 149 4 4 3 311 20 3 1 253 18 8 5 301 7 4 5 62 10 1 , 168925.13200000033
6 80 5 8 5 61 16 3 1 303 16 7 3 127 9 1 5 272 4 3 5 65 9 5 6 23 6 4 , 142545.70049999974
5 57 8 8 1 45 20 1 3 190 15 2 2 95 17 6 1 205 2 4 2 303 17 2 1 148 7 8 , 195634.69700000016
2 100 15 8 4 280 17 8 1 155 16 2 2 116 3 2 1 141 10 4 5 185 8 7 1 59 13 8 , 165914.42199999964
6 81 12 7 2 148 13 8 1 109 8 2 1 46 12 1 4 55 8 5 6 135 20 3 2 95 5 3 , 174145.35024999967
3 300 18 6 5 135 12 7 3 76 10 3 2 316 17 8 4 115 17 4 4 81 10 2 2 46 5 3 , 189448.34349999967
1 265 4 8 3 80 6 5 4 82 2 8 2 285 13 2 3 18 5 3 3 275 12 6 2 24 15 5 , 131808.948
6 261 20 7 1 125 15 7 4 141 11 6 1 98 17 2 6 44 8 4 4 78 7 7 3 178 11 7 , 221311.7502500006
4 28 10 3 4 99 8 1 2 275 17 5 3 41 3 6 1 280 8 1 3 45 12 2 1 227 2 8 , 134943.6014999998
6 103 20 7 2 285 12 6 2 86 3 4 2 55 13 8 2 237 6 7 4 122 6 5 5 279 5 6 , 136362.51474999965
4 238 17 4 6 277 9 8 6 222 11 1 4 200 9 5 5 302 9 6 6 26 10 2 5 277 15 8 , 198758.75599999927
5 236 11 6 5 274 1 4 2 201 2 4 5 27 1 3 5 150 17 8 6 21 19 8 3 257 14 8 , 136252.9629999996
3 173 6 1 2 75 5 3 6 86 6 4 6 261 19 7 6 96 14 3 5 211 9 6 3 118 17 8 , 190908.01250000042
2 85 6 2 2 32 17 5 3 81 6 6 4 64 13 6 4 221 18 1 4 44 6 1 2 311 1 4 , 156071.1054999997
6 241 8 4 6 311 15 7 5 96 11 8 3 162 8 8 4 141 12 4 4 273 16 1 2 34 11 4 , 200963.13674999995
4 213 14 4 5 251 7 4 3 56 17 7 4 261 9 4 3 313 9 7 6 165 16 5 6 154 16 8 , 206257.0047500001
2 42 14 2 2 300 12 3 5 194 6 4 6 159 2 7 1 105 6 6 1 224 13 3 5 107 15 4 , 164103.8047499997
2 186 9 8 6 155 1 5 3 219 11 7 5 290 16 6 6 245 3 3 2 235 20 4 1 293 13 6 , 208924.31749999963
5 304 11 3 4 174 2 4 2 71 16 6 4 191 15 7 4 18 16 1 1 186 14 2 5 257 15 5 , 205655.4585000002
1 135 8 8 5 50 8 3 6 265 17 8 5 164 14 2 4 130 13 1 4 103 16 7 1 204 14 8 , 216075.34975000084
6 110 2 4 6 170 5 3 3 143 13 3 1 197 14 1 4 129 5 8 4 167 1 5 4 265 2 7 , 93928.07099999984
6 208 16 6 6 309 6 6 2 257 4 8 4 135 12 3 6 310 12 7 2 309 7 3 2 201 2 3 , 138166.36124999975
1 149 4 8 3 169 7 3 3 237 8 7 2 128 9 4 6 115 10 4 1 73 8 3 4 185 11 6 , 116008.14625000006
1 238 12 4 6 284 1 6 5 159 9 6 6 34 5 4 1 87 12 2 5 312 15 7 3 243 13 5 , 141417.45424999998
2 184 6 3 6 180 1 3 4 276 5 1 3 138 8 2 6 50 9 7 6 67 18 2 1 182 2 1 , 106034.82400000011
1 116 17 5 6 79 6 6 3 32 8 4 2 122 8 3 6 253 8 6 3 290 1 6 4 87 4 2 , 110764.79024999977
2 151 8 1 2 299 5 3 2 222 16 4 2 189 5 5 4 264 12 4 1 109 12 6 4 165 1 3 , 145097.6207499999
1 41 13 7 2 211 5 4 2 78 19 6 5 87 15 1 6 151 15 8 2 77 2 2 4 134 17 6 , 200038.60325000004
3 151 9 5 5 98 10 5 5 223 4 8 2 261 6 8 1 220 6 8 3 314 16 4 5 93 12 8 , 139485.3432499998
2 33 16 4 1 71 6 8 1 52 14 1 6 45 6 3 2 320 14 6 5 308 2 7 2 252 15 4 , 184396.84725000005
1 199 19 2 3 249 18 1 2 189 20 3 3 225 13 7 6 43 17 4 4 90 3 4 5 292 20 8 , 286206.2094999995
6 250 11 6 2 91 2 1 1 278 10 1 1 225 19 3 1 262 19 3 6 198 7 3 2 181 12 3 , 217397.1697499995
2 203 3 6 2 208 18 8 6 233 4 7 5 98 14 2 5 296 19 6 5 140 18 4 5 130 9 3 , 210278.66575000022
3 65 12 1 6 280 2 3 5 85 17 3 6 139 19 8 6 44 15 5 6 320 18 6 4 159 17 6 , 245972.77925000034
5 127 7 1 2 268 15 1 2 253 1 1 2 288 18 3 1 317 6 5 3 94 8 7 1 185 20 3 , 328273.51600000006
5 312 19 8 1 138 13 5 6 43 6 4 5 79 16 7 3 21 15 4 3 220 16 7 4 241 3 8 , 195014.53650000013
5 99 4 2 6 180 1 1 1 75 13 4 6 91 9 7 2 266 7 2 1 284 9 8 6 135 15 6 , 145787.44499999954
1 87 1 5 4 104 5 8 3 64 19 4 5 225 18 2 4 50 1 1 6 110 5 7 2 129 6 3 , 153902.22599999994
5 291 10 7 1 161 18 7 5 193 12 4 1 141 18 3 6 108 11 1 1 130 3 7 3 139 16 3 , 253912.89024999956
4 153 5 4 5 189 4 7 1 229 9 4 1 233 14 8 3 114 7 6 3 19 7 4 4 67 6 4 , 106654.17575000011
6 223 12 6 2 34 4 5 2 254 20 7 1 216 17 1 4 298 16 4 6 17 20 3 1 193 5 6 , 214322.2777500006
4 301 12 4 6 163 7 4 3 251 17 6 4 259 15 1 4 174 7 1 5 241 10 3 2 27 18 8 , 189965.52524999902
1 64 14 2 6 68 18 8 4 36 12 1 4 135 1 7 6 25 6 4 3 182 17 4 2 95 2 8 , 145049.57899999994
5 107 17 3 3 111 4 3 1 47 11 8 1 187 9 2 5 249 3 8 2 60 11 8 5 66 14 8 , 166587.27324999936
3 229 11 6 4 203 14 3 2 190 1 7 3 217 12 3 3 254 14 6 6 169 3 5 3 49 17 5 , 162445.23674999995
5 108 20 2 5 113 6 7 6 140 5 1 1 96 8 3 5 290 12 5 6 190 7 2 5 315 2 2 , 140832.98649999982
3 220 14 4 2 66 7 1 5 262 15 8 3 188 3 3 2 223 18 1 2 237 4 8 5 67 8 3 , 152378.01849999986
3 190 11 7 6 84 13 3 3 73 4 5 4 30 5 5 3 252 16 8 4 173 8 3 1 129 2 4 , 161148.9954999997
2 141 12 8 5 301 20 5 2 228 17 2 4 103 18 2 4 318 20 1 5 61 14 8 2 320 1 1 , 230257.90775000214
3 60 19 2 6 95 10 1 6 128 13 8 1 127 2 8 3 158 8 6 2 125 1 4 5 269 6 5 , 134283.94499999972
2 46 11 2 4 265 11 3 3 97 18 4 4 161 18 4 6 37 16 6 1 33 11 7 6 209 2 6 , 208491.05999999988
6 290 16 8 5 245 6 2 6 89 9 5 6 97 3 6 2 199 5 1 4 164 8 8 1 311 15 5 , 151519.52174999972
3 288 6 5 2 313 20 3 5 278 8 7 3 82 10 2 6 90 19 8 4 235 18 7 4 50 11 6 , 243903.47549999895
4 31 20 7 4 266 15 2 6 41 10 2 2 302 10 6 5 127 8 7 2 225 10 6 6 109 20 6 , 226978.79174999954
4 231 16 8 4 152 16 6 3 293 2 2 3 81 4 4 6 265 9 3 4 120 2 2 4 310 9 1 , 151943.83374999964
4 185 1 5 1 308 11 6 2 269 11 8 1 126 4 7 6 162 16 4 5 191 15 1 3 307 15 6 , 165943.12224999975
3 134 1 5 1 210 10 8 6 117 17 6 5 92 20 8 6 98 12 4 6 223 7 1 4 96 18 2 , 214507.46399999922
3 211 16 3 5 151 12 4 6 189 17 8 1 78 12 1 6 277 1 1 3 84 10 6 6 133 15 3 , 213854.41900000008
1 78 9 4 1 146 14 5 1 314 11 5 6 264 20 7 5 310 15 5 6 143 7 2 3 269 7 2 , 213214.7934999995
4 217 10 8 4 167 8 1 5 319 11 8 6 129 17 6 2 202 7 1 1 190 3 7 3 205 14 6 , 160969.18024999963
5 80 15 2 2 291 14 1 5 201 15 5 1 139 1 7 3 77 12 1 1 106 6 8 2 70 2 1 , 180650.32175000064
4 263 18 3 3 254 1 2 3 174 11 6 2 164 11 7 1 164 2 5 5 292 5 8 2 175 16 8 , 138964.50775000008
3 303 11 3 2 141 2 2 3 266 20 5 4 110 5 8 6 203 12 7 6 152 17 3 2 168 9 7 , 153344.83875000064
6 127 13 4 3 193 10 3 3 214 8 3 6 291 6 6 6 276 8 3 5 288 11 2 3 286 15 6 , 158093.13949999906
6 169 15 6 6 195 20 4 6 82 17 7 4 131 20 1 2 203 19 8 4 73 7 3 3 319 8 3 , 240365.27449999904
3 291 2 2 4 169 2 3 1 212 10 2 6 308 19 5 4 112 18 2 3 128 15 7 2 73 1 8 , 135495.94050000008
6 317 8 6 3 303 18 8 6 162 1 3 5 131 18 2 4 232 9 4 1 70 2 2 3 177 7 6 , 134111.98600000044
1 24 4 3 6 96 10 1 1 298 12 5 3 166 5 4 1 237 8 6 5 108 20 6 5 109 2 3 , 139833.1824999998
4 296 11 3 5 267 13 2 4 217 20 5 3 290 15 4 2 198 7 3 3 186 11 3 4 228 20 1 , 210255.9662500005
5 253 10 7 6 288 3 4 5 17 7 5 2 266 11 2 3 210 4 6 4 271 4 5 3 257 20 5 , 147462.78000000055
2 105 2 7 1 98 3 7 3 27 8 6 5 271 10 7 5 207 13 4 3 161 5 7 2 100 1 7 , 92497.4130000002
1 202 3 2 6 300 8 4 4 51 17 7 5 28 18 5 5 96 12 3 4 103 18 6 6 129 2 1 , 167043.90449999968
4 295 16 7 5 255 4 1 2 59 19 5 4 263 15 6 5 71 13 1 2 212 6 2 2 94 16 6 , 215403.95924999978
6 60 14 8 2 230 17 4 2 55 16 5 6 61 6 4 1 288 19 4 1 40 8 5 2 45 12 5 , 210019.62250000006
2 144 9 5 3 289 17 8 3 68 5 4 3 19 7 4 1 105 13 1 1 159 12 6 6 99 1 4 , 139176.66924999986
4 108 15 5 6 273 8 7 1 309 5 1 3 100 3 2 4 204 17 4 6 23 1 2 6 156 17 4 , 181993.89250000002
4 257 10 4 6 285 18 2 1 265 2 3 1 266 1 4 4 277 16 4 3 37 10 5 1 99 3 1 , 155781.6145000003
1 219 17 8 2 180 6 7 5 229 2 2 3 227 2 5 2 182 19 6 2 79 2 1 1 146 20 2 , 186570.07199999993
6 64 4 6 5 48 20 7 1 236 9 1 2 183 5 8 6 87 15 7 3 38 14 4 1 254 10 2 , 181565.8330000007
