1 165 20 2 2 286 7 3 6 137 17 2 1 54 2 7 6 83 2 7 3 259 6 7 4 62 15 6 , 155327.35074999946
4 188 10 4 6 265 11 1 5 90 1 4 2 235 17 4 1 206 8 1 3 256 20 6 1 226 6 2 , 166854.9480000001
6 137 14 5 3 193 3 4 2 261 9 1 4 295 1 7 5 183 11 5 3 221 10 2 6 277 12 2 , 137754.2167500002
6 253 3 5 3 195 1 8 3 87 9 6 5 70 17 7 6 265 18 3 4 26 7 2 2 144 5 5 , 146216.41099999982
5 39 19 8 1 117 6 4 1 240 14 1 3 320 10 6 3 301 16 2 1 130 12 4 2 62 10 6 , 183434.9574999991
3 23 13 5 4 303 6 5 4 247 3 3 5 107 2 6 6 311 11 7 1 240 17 3 1 206 5 8 , 127397.71050000013
5 33 18 1 4 50 17 7 4 83 6 7 4 80 16 6 5 82 5 4 3 85 6 3 3 232 4 6 , 191516.48625000013
2 267 3 8 6 279 18 6 3 273 9 4 3 257 15 6 5 192 9 4 6 191 18 6 4 55 1 4 , 187644.50174999994
4 121 19 2 5 291 17 7 3 81 14 7 5 155 2 3 5 236 11 5 6 189 11 8 4 190 2 2 , 177184.94175000105
6 27 17 4 5 145 20 2 1 268 8 7 5 312 15 2 6 170 5 2 4 103 9 7 2 313 4 7 , 202943.8285000001
3 88 7 5 1 33 3 3 1 121 18 2 1 94 5 1 3 103 11 8 4 56 18 8 5 134 3 7 , 176735.68925000067
4 244 6 8 4 166 5 3 5 190 17 3 3 268 17 5 3 315 12 3 4 207 15 3 5 134 7 3 , 281372.1975000008
4 189 20 7 5 303 4 5 3 318 6 5 3 295 20 1 6 259 1 3 6 175 12 5 1 23 16 1 , 206385.5980000004
1 180 15 5 5 183 19 3 1 55 4 7 1 249 3 3 4 29 12 5 6 221 4 3 3 30 14 2 , 202118.22925000032
3 24 8 5 2 229 3 2 2 45 3 8 5 51 7 7 3 206 15 4 1 105 16 8 4 254 15 2 , 178686.08150000064
4 198 19 6 5 235 5 3 4 103 4 2 3 34 7 7 2 77 11 1 4 155 7 4 1 111 11 2 , 160279.86775
4 135 7 8 4 142 19 2 6 203 10 8 3 17 19 4 5 88 14 1 1 191 20 6 5 82 20 6 , 264132.7602499997
4 175 16 5 6 53 20 2 4 63 14 5 2 285 5 3 3 280 5 1 4 289 17 5 6 251 8 2 , 241912.7677500006
4 108 11 5 3 292 16 7 1 204 17 1 6 67 9 1 3 52 10 5 1 120 7 4 5 282 18 5 , 227941.34674999968
4 148 12 2 3 272 11 6 6 224 4 5 5 257 5 6 1 159 3 7 4 93 14 7 5 259 18 2 , 175614.40524999978
1 115 15 1 6 38 20 3 1 171 15 8 4 316 6 5 4 18 4 6 3 177 3 6 3 16 6 1 , 141804.08125000022
6 180 10 7 6 194 1 3 5 254 20 3 1 211 12 6 4 201 5 3 1 27 8 1 2 308 9 7 , 132741.72950000013
5 137 16 3 2 165 18 8 1 115 5 4 4 153 15 8 6 216 9 4 3 232 15 7 3 258 11 8 , 204931.28399999984
6 81 11 8 2 210 20 8 1 37 13 5 6 244 6 4 5 244 16 3 5 75 7 1 4 41 16 2 , 199149.70749999932
1 92 14 3 3 35 6 7 2 95 14 4 4 69 14 3 4 196 2 3 1 164 6 5 4 247 7 8 , 156124.13049999974
2 281 9 7 4 16 6 4 6 89 9 6 4 168 16 4 1 285 15 8 1 253 15 2 2 317 15 1 , 204696.86749999918
