3 110 12 8 2 285 16 5 5 140 2 2 2 167 3 8 1 88 5 5 5 128 16 5 5 28 1 3 , 111839.18199999988
5 191 5 6 2 241 9 8 2 72 3 5 2 98 6 2 5 318 4 7 2 47 12 4 2 307 2 6 , 100069.52175000013
2 272 4 7 3 133 2 4 4 316 19 1 3 138 14 4 1 319 15 7 4 53 6 6 3 287 14 7 , 184629.05874999985
2 67 14 8 4 70 17 4 1 41 13 8 1 252 1 3 2 65 6 3 5 101 14 3 6 236 19 1 , 185767.7097500007
4 209 19 7 6 256 12 8 5 94 15 4 6 272 6 7 6 234 7 1 2 190 9 1 3 279 6 4 , 176804.16975000003
3 211 2 6 1 63 5 6 3 273 18 1 2 139 9 8 2 290 18 7 1 253 16 6 5 309 19 7 , 202117.88525000022
4 156 5 1 5 82 15 2 1 84 20 5 4 243 14 3 6 134 20 6 3 22 12 8 5 234 7 3 , 240665.12000000113
3 157 2 6 3 245 4 7 2 115 18 3 5 154 15 7 6 243 12 3 3 296 11 2 1 295 14 5 , 190493.99200000067
2 205 1 4 1 284 5 8 2 224 4 7 2 183 3 4 2 147 7 5 6 161 15 1 2 83 1 6 , 99255.18825000024
1 207 19 8 1 126 14 6 1 52 5 2 6 55 14 8 4 61 1 7 2 171 7 7 4 235 8 8 , 178153.74724999952
6 207 16 3 3 79 1 6 5 298 16 8 1 47 13 3 5 159 2 8 1 129 8 6 4 156 6 8 , 174013.33274999994
4 289 7 2 3 68 16 2 6 25 2 2 5 108 18 2 4 272 10 6 5 277 12 2 4 304 12 6 , 234166.92899999942
5 282 20 7 4 222 10 8 4 220 2 7 3 176 10 6 2 28 20 8 3 71 19 4 1 319 2 2 , 201943.84799999994
2 146 11 8 2 94 8 6 6 256 5 6 5 189 10 4 5 112 15 7 4 127 20 1 3 138 2 1 , 179601.7039999993
6 32 15 2 3 185 13 8 2 175 16 6 2 280 5 1 5 237 3 3 4 18 15 2 6 182 6 3 , 178741.8294999994
5 319 20 6 3 174 16 8 6 38 20 3 4 104 8 4 5 236 7 7 6 70 13 8 2 293 16 7 , 286344.555250001
5 86 17 2 4 50 19 6 5 194 3 1 6 252 17 8 2 20 18 6 5 115 19 6 5 253 12 3 , 268409.9332500007
2 127 11 4 2 48 12 3 4 188 20 1 3 188 4 4 4 108 16 5 5 89 8 8 1 260 8 8 , 216258.20675000033
3 22 4 1 2 229 19 8 6 29 20 5 3 135 5 8 5 185 13 4 6 173 1 5 1 183 12 8 , 200757.19425000003
2 129 13 8 5 48 13 1 4 182 5 3 6 22 4 6 1 47 13 7 2 16 20 1 6 227 3 1 , 164002.74849999964
6 199 3 2 4 48 2 1 6 29 18 4 1 31 18 5 5 158 16 1 4 91 7 7 4 122 18 2 , 165186.5107499992
1 176 14 7 2 257 14 7 3 174 15 1 6 41 3 5 5 154 17 3 5 28 10 8 3 316 15 7 , 181669.96499999985
4 220 10 5 2 163 17 4 5 50 18 4 1 151 18 2 1 37 9 5 4 165 20 5 4 45 2 1 , 195022.46700000018
3 121 16 7 1 51 12 3 4 302 13 3 4 316 18 2 2 26 13 1 6 82 19 8 4 200 18 8 , 245398.09574999966
1 105 19 1 1 208 7 6 5 27 15 3 4 281 16 5 6 284 1 4 3 207 6 2 4 165 5 7 , 165100.62424999996
4 120 9 4 6 264 8 2 1 265 7 8 1 127 17 6 1 173 1 6 5 75 16 6 1 31 11 6 , 165437.1017499993
4 234 6 7 2 143 12 2 5 234 8 2 3 37 7 7 6 203 15 8 2 160 2 8 4 180 4 8 , 110660.61325000026
5 204 4 8 5 290 9 2 1 161 7 8 5 28 3 8 2 315 17 1 3 290 2 4 5 40 1 3 , 97814.42799999959
1 195 1 5 5 116 13 3 5 68 4 7 4 250 19 2 6 19 18 1 1 255 19 5 6 319 15 1 , 192041.8417500003
2 246 12 5 1 60 3 5 2 223 16 3 3 80 1 3 6 194 14 8 4 260 12 2 1 97 12 1 , 160978.66425000026
1 174 3 6 6 223 3 7 2 269 20 2 6 191 3 8 5 169 3 3 3 163 14 4 3 65 9 4 , 123198.17650000018
3 154 14 8 1 238 11 1 3 45 19 3 6 148 18 8 4 202 2 6 4 148 6 1 5 194 1 2 , 160989.76325000107
2 194 10 7 4 295 1 3 4 115 19 1 6 287 1 4 3 55 15 2 6 50 20 6 6 54 18 4 , 203458.4229999999
6 43 20 6 3 167 4 1 5 197 17 5 5 267 18 2 1 299 20 6 1 125 10 3 5 87 3 6 , 215162.59574999998
3 156 10 1 4 297 17 1 6 18 15 6 6 246 1 2 3 222 7 1 3 63 12 3 5 127 8 3 , 422059.7869999991
2 143 20 2 1 277 5 7 3 269 3 4 6 173 1 5 1 320 17 6 6 248 19 2 4 254 1 7 , 160688.19300000038
6 59 3 2 4 54 19 1 5 156 1 5 3 146 20 3 1 87 14 7 3 93 18 7 2 242 19 1 , 217568.31725000104
6 100 13 5 1 20 15 1 1 186 18 8 1 220 13 2 4 107 2 3 4 250 16 5 1 53 17 5 , 255208.64350000053
5 178 16 4 2 166 9 6 2 285 1 3 3 280 3 6 3 231 7 4 2 121 10 6 1 297 19 6 , 160537.8982500006
2 184 17 4 1 112 1 5 1 214 14 7 2 196 11 6 5 143 18 6 5 25 20 5 3 262 2 2 , 170002.6472500002
5 40 8 1 3 199 10 4 1 222 8 3 2 225 13 1 6 302 14 7 1 83 4 5 3 121 13 8 , 159439.45675
4 231 14 1 5 241 8 2 6 271 3 6 3 100 6 5 6 105 11 7 1 112 6 8 1 45 10 1 , 260159.00550000026
6 149 5 5 4 272 2 8 5 270 3 3 2 242 4 2 1 194 8 3 1 280 15 3 3 266 12 6 , 92311.30449999991
1 79 8 8 4 176 6 6 5 160 15 4 2 72 2 2 3 260 9 8 4 37 8 4 6 128 14 6 , 134380.03625000018
6 84 4 4 5 287 7 7 3 274 14 3 3 62 9 3 6 237 4 5 2 43 12 8 5 194 8 3 , 119005.7817500002
2 72 13 6 5 116 14 3 2 286 16 8 1 304 20 6 4 253 9 2 3 277 14 2 1 100 11 1 , 207382.67900000032
6 218 6 4 4 282 4 1 4 101 12 6 4 87 8 5 1 118 10 8 4 185 13 1 5 103 18 2 , 151629.13650000014
4 269 4 3 6 259 6 6 6 307 16 6 4 69 2 3 3 178 4 1 3 28 6 1 4 175 6 5 , 102010.14400000029
6 52 2 4 2 82 18 7 3 304 15 4 3 320 14 4 2 263 4 7 3 94 1 2 1 256 13 5 , 159523.04275000052
6 172 3 8 3 256 19 8 6 219 19 8 3 34 10 4 5 163 14 7 2 143 19 3 3 200 1 3 , 194101.12974999985
3 80 20 5 6 273 13 2 2 279 11 1 4 46 10 2 4 187 14 7 6 213 17 7 3 172 12 6 , 235370.47499999937
1 152 9 8 4 84 9 6 1 118 9 1 4 264 6 1 3 47 2 8 1 144 2 7 6 69 13 7 , 126146.73274999952
6 244 17 2 5 286 14 3 2 209 9 5 4 159 1 5 4 78 19 6 4 37 4 8 1 174 9 7 , 220617.8685000003
2 281 8 7 5 119 1 7 3 45 17 8 6 42 11 4 3 179 17 8 2 94 1 1 2 245 18 8 , 161207.3507500004
2 137 10 7 1 226 1 3 2 34 16 2 3 191 20 7 4 73 16 8 5 287 4 5 5 244 19 1 , 206275.82024999987
6 99 15 1 3 46 4 4 6 300 1 6 3 123 19 4 4 317 5 1 5 67 14 3 5 127 14 6 , 212279.8505000007
3 49 6 5 1 59 12 1 3 227 6 7 5 253 9 1 2 161 4 3 5 47 16 7 6 180 3 2 , 173902.68899999998
1 51 1 5 3 252 7 3 2 249 13 4 1 142 15 8 1 109 6 3 2 136 19 6 4 105 6 3 , 166119.63700000034
3 21 9 1 6 314 4 7 4 66 1 1 2 23 7 4 6 240 8 3 5 225 19 7 2 229 6 1 , 159635.2947499999
1 54 7 2 5 35 6 4 5 202 17 7 4 198 11 7 5 155 9 7 4 46 4 4 4 177 20 3 , 144965.5117499996
6 282 13 3 3 276 2 3 2 260 15 4 5 238 9 5 2 227 16 2 3 110 18 6 4 145 10 5 , 156440.66199999978
5 81 13 2 4 245 14 4 2 147 12 5 1 265 8 3 6 102 2 7 1 144 10 4 6 241 3 7 , 128639.30599999965
1 38 8 5 5 229 2 1 1 84 13 5 6 205 6 7 1 200 4 7 3 249 8 2 2 129 6 5 , 96483.83600000016
1 73 6 2 3 296 14 7 3 294 19 8 3 60 14 5 6 150 11 7 2 286 19 7 3 230 8 5 , 215442.67074999964
4 123 3 3 6 50 6 4 6 136 8 3 1 283 6 1 4 295 14 5 3 141 3 7 6 41 13 1 , 115663.12925000026
1 75 4 2 1 298 2 7 4 311 12 8 2 190 1 2 2 183 8 8 3 128 18 1 1 179 9 5 , 122557.62150000015
1 38 3 5 4 89 1 6 4 282 18 1 5 84 18 3 6 49 12 6 1 205 2 4 3 159 2 3 , 111378.09800000014
3 119 2 8 5 109 5 7 4 160 17 7 2 78 1 6 1 255 2 2 1 148 20 3 5 205 5 5 , 102023.14374999999
3 101 5 1 2 320 9 6 6 251 8 2 2 180 4 7 5 266 16 1 6 41 3 1 2 82 19 2 , 134086.04050000018
1 267 2 8 5 206 5 6 1 190 2 8 6 301 13 2 6 36 9 3 4 203 18 5 4 175 14 5 , 135654.57375000033
1 106 10 4 6 83 14 2 3 103 13 8 4 220 20 3 4 64 11 8 5 142 9 7 5 28 3 2 , 186800.25550000017
1 243 13 4 3 150 1 2 4 134 3 3 4 190 9 3 4 90 4 7 1 182 4 1 4 28 14 1 , 120348.31899999996
6 122 4 5 2 99 16 5 5 183 17 8 6 287 5 3 2 127 4 5 2 117 12 4 4 33 6 1 , 174345.75050000037
4 83 7 3 2 83 13 2 2 22 10 5 1 216 14 7 4 23 4 1 2 132 17 6 6 299 8 2 , 189141.8284999994
6 169 12 6 2 35 1 5 5 99 7 5 6 55 7 7 3 293 19 7 4 228 2 8 1 24 5 7 , 135506.43250000008
2 225 7 3 3 275 1 8 2 159 8 8 5 168 1 5 4 90 18 1 5 18 11 2 6 226 5 8 , 122502.00674999993
1 107 20 5 5 251 15 1 1 288 5 7 4 235 2 7 6 50 20 6 5 265 15 3 2 178 8 3 , 208379.72625000105
3 30 2 1 1 117 6 6 6 309 17 2 6 247 11 6 4 287 15 7 4 68 7 8 6 193 3 3 , 154013.3657500003
3 118 8 2 5 103 17 7 4 315 16 6 1 223 7 6 3 164 15 1 1 266 2 8 2 55 4 3 , 178384.91874999966
6 78 17 4 3 191 16 1 1 307 18 6 3 55 11 1 5 28 20 6 6 246 9 6 4 243 11 6 , 206000.2629999997
4 293 20 5 6 277 7 4 3 229 11 2 3 291 5 7 3 183 9 6 2 306 13 8 2 170 8 8 , 160030.5404999993
4 231 11 5 1 181 3 5 5 123 2 7 1 181 1 6 4 24 16 4 1 236 8 1 1 177 10 4 , 98624.47450000035
4 120 4 8 3 317 15 6 5 43 5 1 4 163 1 6 5 177 1 3 1 301 1 6 1 292 14 2 , 85250.66225000008
1 174 19 3 5 123 5 8 4 272 8 6 1 26 2 6 5 209 3 5 1 28 20 6 5 170 12 6 , 135923.1437500004
5 277 13 5 4 259 13 5 6 267 13 5 4 232 19 8 5 205 10 3 3 78 12 5 2 64 16 3 , 199102.0750000002
5 96 14 3 3 82 5 2 3 235 3 1 3 87 4 3 6 146 14 8 3 30 18 6 6 289 20 1 , 183587.04974999977
6 240 13 1 3 87 12 5 5 252 4 6 3 265 12 1 2 39 6 5 5 141 9 6 6 83 16 8 , 276269.8510000003
5 78 9 7 3 200 5 2 6 155 7 3 6 204 13 5 1 158 4 6 4 232 14 6 6 195 20 6 , 173647.58725000068
6 53 2 6 1 82 13 1 6 176 7 2 1 187 20 7 2 319 3 7 4 239 14 7 6 241 16 5 , 157108.76825000023
2 220 20 4 6 259 2 7 6 87 19 8 4 298 12 5 5 183 1 4 5 228 6 1 6 179 7 2 , 152493.11000000028
4 194 13 2 5 272 4 5 1 318 3 2 3 252 2 5 1 288 10 3 4 227 8 7 4 298 20 8 , 134126.8009999999
2 257 3 7 5 112 6 8 5 23 7 3 1 118 8 4 3 313 14 1 3 219 18 1 1 306 10 3 , 148598.1597500001
4 17 1 4 1 192 6 6 4 98 13 3 5 288 3 7 2 165 13 5 2 77 10 6 5 247 19 4 , 161302.0610000004
1 255 4 6 4 60 7 1 3 46 15 8 5 189 18 5 3 253 20 5 1 212 10 3 5 47 5 6 , 183426.2292500004
3 305 14 7 2 30 1 6 2 221 2 6 1 161 12 3 5 33 11 3 1 148 20 4 1 260 6 2 , 150309.82749999984
4 250 6 7 6 148 17 6 4 266 12 2 3 246 4 8 6 71 11 6 6 49 12 6 1 296 15 2 , 191135.77899999975
1 165 10 7 2 17 4 6 1 83 16 7 6 112 12 7 3 158 3 3 4 128 4 8 4 38 1 7 , 124190.25025000001
3 261 4 4 6 197 7 6 3 103 8 6 4 167 4 3 6 135 5 6 2 55 17 3 2 97 6 1 , 136524.1467500003
4 83 15 3 2 118 16 6 5 290 12 2 4 157 8 3 6 48 1 1 4 184 19 1 1 273 20 5 , 232662.61875000043
5 245 2 5 1 258 7 6 3 37 5 7 6 302 17 1 2 285 4 3 3 134 14 7 2 189 3 7 , 110298.46525000037
2 223 6 2 2 170 16 2 3 247 10 1 4 102 1 7 3 70 6 6 5 174 19 5 6 305 10 2 , 145977.73074999996
2 89 7 5 6 179 10 1 2 306 12 1 2 300 12 5 3 207 2 5 6 51 17 1 2 162 2 5 , 212418.78699999966
3 68 14 5 6 284 14 6 6 118 10 1 4 304 7 4 6 251 15 8 2 220 19 8 4 21 2 4 , 166735.6362500004
1 83 15 8 6 96 12 1 2 174 2 4 4 27 16 6 4 202 1 6 2 78 9 5 5 86 13 2 , 144981.0029999999
3 267 19 6 2 31 6 5 6 100 7 7 4 103 14 7 5 137 3 6 3 51 13 7 5 34 5 5 , 145304.32199999987
3 43 7 4 6 171 15 8 3 190 4 5 4 170 10 5 1 259 20 1 4 294 11 3 1 20 16 2 , 202913.6315000003
2 154 17 5 1 182 19 8 1 69 3 6 3 29 10 7 4 181 6 6 2 77 8 1 6 244 19 7 , 192362.1587499993
4 253 10 6 5 66 14 6 2 216 20 7 6 248 7 8 2 24 10 8 2 46 9 8 6 292 17 1 , 172226.44225
2 248 10 2 5 301 18 1 3 188 11 8 4 53 6 8 3 301 14 5 6 225 3 3 3 236 16 3 , 206462.40099999966
1 249 17 2 5 202 7 7 1 19 16 8 1 107 4 7 6 158 4 8 3 319 5 6 4 84 13 6 , 160153.40774999972
6 175 8 3 5 99 18 4 4 203 11 1 3 35 11 8 1 194 3 2 1 203 20 7 3 287 16 4 , 196698.6230000002
3 184 18 4 3 167 14 6 1 230 18 4 2 213 17 5 6 229 13 2 1 136 16 3 5 104 8 8 , 247761.4669999997
3 105 20 8 1 249 11 8 3 215 2 8 5 276 17 2 6 192 1 4 3 166 7 1 1 25 19 2 , 185813.23874999932
1 223 2 6 4 214 17 7 1 28 8 1 4 129 20 4 1 43 17 6 2 263 12 6 4 192 14 7 , 235306.27300000004
1 75 7 7 2 36 8 8 6 308 16 2 3 100 7 8 1 125 5 6 1 191 14 5 5 218 11 6 , 176160.63925000033
1 95 20 7 2 201 13 8 5 263 3 6 3 282 9 7 5 168 4 1 6 210 11 3 5 226 1 6 , 159145.5310000001
1 211 3 1 5 219 14 7 4 189 15 2 4 83 13 2 6 125 8 8 3 114 15 8 1 220 1 6 , 178418.9010000008
2 257 11 7 6 33 18 1 5 143 5 7 6 64 5 1 1 134 13 2 1 304 18 5 5 193 13 1 , 193601.75775000025
2 109 15 2 2 150 17 6 5 102 20 6 6 53 4 2 5 259 14 1 2 222 19 4 2 89 2 8 , 298825.98649999977
1 223 20 2 1 294 14 3 6 134 3 4 1 275 2 6 6 52 4 1 3 134 6 3 4 35 16 3 , 142434.50375000032
1 80 8 3 1 274 6 5 3 251 5 2 5 266 13 6 2 229 20 4 4 317 15 8 3 124 14 2 , 160805.5532500003
2 311 7 1 4 216 19 2 2 295 11 7 3 48 6 1 3 18 19 3 4 273 17 6 6 148 15 5 , 234667.33350000007
2 117 17 8 4 237 11 8 3 248 2 4 2 109 15 6 3 76 4 4 6 248 9 5 6 183 10 4 , 126030.92875
2 254 17 4 2 281 16 3 1 251 3 4 5 137 4 3 6 95 19 2 2 179 20 7 3 296 9 8 , 194929.99099999954
1 261 17 5 6 219 8 6 2 148 9 1 6 33 1 7 4 27 6 3 6 84 2 8 1 201 12 1 , 139086.73600000012
4 81 5 1 3 269 3 4 4 41 17 8 3 208 15 1 1 138 11 7 3 75 2 5 2 136 14 3 , 146197.17825000043
5 155 18 2 4 314 1 8 2 69 14 6 2 131 15 8 1 245 17 6 2 192 16 7 4 192 4 1 , 195312.58649999957
4 269 20 4 3 222 8 4 4 63 11 8 3 110 1 7 4 183 6 7 5 160 20 6 3 302 12 7 , 167140.31325000036
5 309 11 5 6 165 12 4 4 29 4 4 1 89 8 4 4 144 12 3 2 71 10 8 3 272 2 1 , 148968.00449999995
4 183 13 1 1 207 5 8 1 96 13 5 1 254 13 2 2 75 11 4 1 232 8 6 4 91 14 1 , 220668.55450000058
5 257 5 7 5 168 17 8 4 298 14 4 6 254 14 1 3 97 12 7 3 211 8 8 2 68 9 8 , 193243.98800000007
2 208 8 5 5 259 18 6 2 255 7 7 6 64 7 4 2 105 6 2 2 36 8 2 5 141 18 1 , 151221.54624999993
4 100 15 7 1 179 13 4 6 85 2 5 6 304 14 1 6 210 12 3 3 192 15 4 5 161 13 7 , 200334.46375000005
6 202 8 1 5 203 8 4 2 61 6 7 6 25 6 6 5 204 11 2 5 139 10 7 1 124 3 4 , 170763.60224999994
2 247 1 4 2 36 4 4 4 219 13 7 1 292 3 3 5 79 16 5 1 97 20 8 3 257 13 5 , 161719.76850000018
4 130 16 3 5 240 14 8 5 311 12 1 3 285 14 2 4 91 14 4 1 205 4 2 6 316 14 1 , 210659.884000001
6 301 15 3 6 250 17 5 5 267 16 3 4 209 7 8 2 247 11 7 2 40 8 4 2 290 20 4 , 274312.13925000007
5 72 2 8 6 181 5 6 4 279 9 7 1 180 14 6 4 227 20 4 2 23 11 7 4 181 20 3 , 211107.25225000002
4 279 4 6 1 128 8 6 6 36 7 6 4 171 17 8 1 90 1 8 3 237 3 6 6 232 5 6 , 120160.66974999991
4 179 11 2 6 304 1 2 6 279 17 4 5 260 3 1 4 235 16 1 3 264 11 5 6 197 16 3 , 235430.705
1 187 9 4 5 279 3 5 1 188 14 2 6 136 1 2 1 124 3 5 1 237 4 6 3 246 2 6 , 71746.3869999999
1 259 12 6 2 31 1 2 5 31 7 2 1 236 14 4 5 63 1 2 2 283 4 1 2 250 5 8 , 94218.01024999982
2 294 15 5 3 42 18 4 6 41 18 1 6 30 19 4 6 94 8 2 4 47 20 6 6 124 11 7 , 232865.42849999928
1 55 20 2 5 219 15 5 4 115 15 8 5 225 14 7 4 99 18 2 5 235 17 4 4 285 7 5 , 233385.23224999983
4 195 5 7 4 81 3 6 6 47 20 7 3 217 20 8 1 27 3 2 6 36 6 4 4 23 4 7 , 145957.2927500004
6 49 15 3 5 180 8 2 5 244 9 5 1 130 15 4 1 163 2 1 6 118 2 2 5 140 3 8 , 112195.43050000003
4 112 17 4 1 48 11 6 1 194 17 6 6 125 19 6 1 73 8 7 6 54 7 2 4 89 15 8 , 201206.2989999999
3 272 9 6 6 196 14 1 4 85 1 3 6 271 16 3 1 83 12 6 5 196 20 2 4 318 19 5 , 231935.12024999876
4 246 12 1 2 224 19 8 5 277 16 3 4 294 10 2 2 113 5 1 2 289 6 4 4 200 2 4 , 214128.54650000035
1 89 16 3 4 66 12 3 4 117 11 2 1 256 5 8 5 84 13 2 5 37 3 5 1 73 12 5 , 171409.44950000074
1 278 19 2 6 252 4 1 5 114 7 4 5 236 20 8 6 119 8 8 1 122 3 1 6 172 17 5 , 179034.2549999995
1 274 8 4 4 139 20 3 4 96 12 8 2 152 4 3 4 204 10 8 1 250 14 7 6 270 13 6 , 192886.5782499999
5 263 10 4 4 83 13 8 5 144 15 7 2 111 19 2 6 277 16 8 2 31 8 4 5 96 10 6 , 226386.0457499997
4 17 19 5 6 284 1 1 3 135 17 5 2 272 3 7 6 178 19 2 2 83 2 2 4 316 19 8 , 218733.46849999868
6 62 2 7 4 75 12 3 2 135 1 3 5 87 12 2 4 70 12 5 6 225 5 2 4 247 14 6 , 132341.7915
1 311 2 6 4 302 3 7 1 154 4 6 4 90 9 7 3 97 3 3 3 22 2 4 5 239 5 3 , 78530.21974999997
5 29 6 1 4 301 2 8 2 241 4 6 2 255 14 1 6 287 2 1 1 191 12 4 6 169 20 3 , 142456.51324999979
4 38 17 5 6 211 1 7 5 24 18 6 3 279 16 6 1 295 17 8 5 304 2 7 5 163 18 2 , 232374.35600000023
5 126 12 1 2 178 3 4 1 115 20 7 6 53 18 6 6 64 10 3 3 208 17 7 5 25 3 3 , 205673.2580000005
1 138 10 6 2 50 18 8 2 67 3 3 6 84 12 8 2 317 3 8 2 33 1 1 6 301 13 6 , 138968.87149999983
1 285 7 5 4 139 4 1 6 25 17 6 4 169 9 5 3 297 6 6 6 197 13 3 3 97 5 6 , 140930.5927500003
6 320 4 8 2 241 1 2 5 268 15 2 5 231 5 3 1 29 5 4 3 201 14 2 5 293 14 1 , 129302.24424999979
6 60 14 1 2 27 12 8 3 182 11 8 2 256 5 4 4 269 8 3 1 259 9 8 2 240 14 2 , 180756.18550000043
1 18 14 5 1 125 8 3 2 242 20 8 3 18 14 7 3 208 1 4 6 52 15 7 6 165 13 6 , 185220.69824999972
3 266 17 8 1 124 11 4 4 71 14 2 1 291 10 7 3 253 7 8 5 293 6 4 6 35 20 1 , 173300.96600000025
2 228 6 8 6 311 16 4 5 29 5 5 5 107 1 6 1 222 12 8 6 128 18 8 1 55 13 1 , 156725.98124999934
2 173 8 7 2 83 16 8 5 280 14 6 4 54 11 5 3 131 6 7 5 111 20 1 6 285 19 3 , 213663.73775000038
6 199 4 7 2 200 10 4 2 48 15 8 3 28 1 1 3 84 12 7 6 219 6 2 6 296 20 3 , 159490.18375000023
6 71 13 4 5 145 12 3 5 235 14 3 5 281 18 5 6 119 3 6 6 218 16 5 4 193 1 6 , 194345.76150000008
4 280 5 6 3 317 7 2 3 51 20 8 3 55 3 5 4 154 2 5 6 280 20 7 5 56 8 3 , 149336.0455000003
2 162 2 5 4 102 4 2 3 200 12 6 3 32 12 8 4 268 3 1 5 97 15 5 3 212 8 1 , 126524.06800000026
4 317 2 5 4 242 5 5 6 261 11 5 6 98 13 4 6 84 12 1 1 173 19 4 1 22 7 1 , 172995.1260000004
1 105 16 2 3 260 19 8 6 22 17 4 1 173 10 7 5 216 10 1 2 182 6 2 3 132 14 5 , 216871.35824999938
4 288 18 2 4 295 20 2 3 189 14 6 5 257 6 8 2 184 15 8 5 267 14 6 3 98 2 5 , 232174.85025000057
4 211 14 7 4 245 10 8 6 146 2 4 5 42 3 4 5 33 10 5 5 48 20 1 6 54 17 2 , 185850.51850000006
1 114 3 4 3 258 9 1 2 138 5 4 4 286 1 1 6 282 16 7 1 142 8 3 1 310 1 1 , 119204.73624999977
4 184 2 2 2 164 6 5 1 100 7 6 1 42 16 5 6 133 5 7 1 86 14 3 3 140 20 7 , 198374.6160000002
2 58 17 8 3 195 16 4 4 238 12 3 4 30 8 3 3 83 12 8 1 218 18 6 4 163 12 1 , 248965.870999999
3 158 9 2 5 64 10 5 1 171 9 5 2 174 6 6 6 157 20 8 1 220 15 7 6 113 16 2 , 215532.96599999984
1 205 18 4 4 167 12 4 1 225 15 8 3 88 2 3 2 40 19 4 5 102 9 7 6 186 8 4 , 206883.6945000004
3 151 11 5 3 117 8 4 5 35 5 4 6 84 12 1 3 264 7 4 3 118 13 7 5 134 15 3 , 142176.6689999997
3 220 4 6 4 271 6 8 2 310 9 3 1 318 10 2 4 33 18 2 1 290 13 2 6 147 6 3 , 157659.31874999948
3 102 10 5 6 52 1 8 2 233 7 6 5 46 16 7 4 285 7 4 4 197 17 1 3 254 18 1 , 157861.27475000062
4 279 16 8 6 102 10 3 6 194 16 7 4 43 6 7 6 88 15 4 4 231 20 2 4 95 20 7 , 234663.9485000007
5 109 17 5 5 273 19 5 1 77 4 1 4 201 2 8 3 209 4 7 4 78 8 4 2 269 19 8 , 158474.63050000014
4 23 17 6 6 72 7 2 2 271 9 5 4 58 10 1 5 63 6 6 3 94 11 1 5 111 2 8 , 131233.6825
4 262 3 4 6 108 11 1 5 82 9 1 6 44 14 7 5 153 13 4 6 57 16 2 4 130 6 2 , 159934.85025000002
3 263 16 3 3 295 14 6 5 244 5 2 6 263 3 8 3 85 9 5 4 289 20 2 6 174 20 8 , 203537.1195000005
6 94 10 6 5 31 11 1 4 107 4 7 5 142 11 2 5 317 6 7 5 225 2 1 3 168 2 8 , 101012.09675000003
1 72 5 8 2 274 9 3 6 262 1 7 4 266 9 1 1 60 2 5 1 296 7 3 5 220 18 5 , 124208.16400000048
1 129 14 7 1 63 6 1 3 282 8 3 4 116 13 2 5 255 16 3 4 32 8 3 4 148 12 8 , 205307.69649999993
6 277 18 8 2 198 15 8 2 58 14 4 1 231 15 4 1 268 12 1 6 278 7 8 5 303 18 5 , 243591.73149999976
5 62 20 5 5 202 19 3 3 153 11 7 4 211 17 5 1 311 12 6 3 144 15 2 2 207 18 5 , 264397.3422499994
2 179 13 5 4 315 1 1 6 131 14 3 5 57 11 5 1 203 4 2 5 273 3 1 2 241 9 2 , 126525.84025000044
1 114 7 7 1 213 2 3 5 198 8 2 5 116 9 8 4 204 17 8 6 316 14 6 3 99 15 8 , 201747.7004999992
4 79 18 6 2 82 18 5 4 242 19 2 6 29 1 2 2 210 20 1 3 253 14 4 3 221 12 6 , 258130.8600000006
2 167 10 5 5 39 3 7 5 51 18 7 5 234 9 2 2 183 14 3 1 39 10 3 5 188 5 4 , 159510.78124999997
1 272 4 5 2 257 13 2 5 36 19 6 5 242 12 4 2 158 11 7 1 252 17 8 6 47 7 5 , 200187.86925000022
4 39 8 6 5 251 7 5 3 33 6 1 3 91 2 1 5 269 4 2 2 217 18 7 4 304 10 6 , 143742.14000000013
6 103 10 1 1 308 7 2 5 195 1 3 4 64 4 5 5 158 11 1 1 161 20 4 5 294 16 7 , 172855.47425000003
2 97 1 2 1 104 3 7 4 45 12 8 1 308 13 4 6 41 17 1 1 263 20 1 4 259 8 5 , 145569.36325000008
4 167 7 5 6 139 17 3 1 242 11 2 3 192 6 1 5 74 18 1 4 180 12 3 5 81 10 4 , 184113.5009999999
2 302 11 2 2 283 7 8 3 243 11 2 3 260 14 2 6 24 11 3 6 141 15 1 6 190 16 6 , 178697.3647500003
3 40 4 4 4 216 19 5 6 116 17 8 1 142 16 6 1 41 14 5 5 297 7 2 1 217 20 6 , 195731.6985000004
3 188 17 6 6 248 3 3 3 100 19 8 2 259 14 6 1 51 6 3 2 104 1 4 6 166 2 4 , 129046.43025000014
2 100 12 3 1 87 4 8 5 76 12 7 6 57 18 6 1 139 20 8 2 214 15 3 1 200 14 5 , 220725.59550000014
6 310 6 3 4 133 14 8 6 258 13 3 6 28 5 4 4 219 18 8 3 22 5 7 3 317 5 1 , 139420.0197499996
4 189 15 8 1 129 16 6 4 101 7 4 1 172 7 1 5 221 17 8 5 39 5 8 2 28 13 2 , 178502.54224999962
4 230 19 3 2 35 9 3 1 113 14 5 2 100 2 3 3 232 20 8 5 315 11 4 4 99 17 4 , 223414.65324999986
5 75 10 2 4 71 18 1 3 274 18 4 5 226 11 2 3 287 14 7 2 127 10 1 5 72 1 8 , 202803.1894999993
2 150 10 8 6 133 10 4 5 223 1 5 1 250 2 5 5 57 9 3 4 91 14 5 3 171 5 2 , 145604.8887499999
5 33 5 1 4 34 17 3 5 159 11 5 2 106 8 2 2 234 18 8 4 171 18 2 2 211 20 5 , 221067.86625000107
6 209 5 4 2 140 16 7 4 151 7 8 5 299 20 6 1 58 19 8 1 283 3 5 2 71 7 4 , 194223.24949999942
4 96 20 4 5 191 10 3 6 276 15 6 4 133 8 6 6 172 16 4 1 143 7 2 3 27 14 2 , 223529.2520000003
4 206 12 6 1 153 18 6 3 319 11 1 4 209 19 5 4 96 8 8 4 277 11 4 3 215 12 1 , 205103.75449999975
6 16 16 4 4 202 13 8 5 226 5 2 1 175 18 6 4 166 12 3 2 132 18 3 6 285 4 4 , 204801.54150000025
4 310 15 6 4 81 18 4 1 144 3 1 3 47 13 5 1 139 15 5 6 208 13 3 6 209 5 2 , 205614.28049999982
1 207 14 4 2 113 15 6 4 54 9 3 5 290 1 7 3 302 19 1 1 121 6 5 1 63 5 8 , 169771.95199999958
1 110 6 4 1 124 14 5 4 319 10 8 5 102 7 2 3 94 2 7 4 270 10 8 5 307 4 7 , 131608.08800000016
2 191 8 3 5 313 14 7 2 212 10 8 6 173 13 1 6 202 3 4 2 310 11 5 2 268 11 5 , 154804.09399999963
4 279 10 1 3 176 4 2 2 315 4 7 3 309 5 4 6 239 4 6 2 205 9 5 3 281 9 1 , 208053.97625
4 293 14 5 4 17 14 7 3 20 17 8 5 128 8 2 2 199 8 2 6 87 4 2 5 24 10 7 , 162234.38350000023
3 299 8 5 4 28 4 7 5 246 15 5 2 122 20 8 1 309 13 7 2 44 12 3 6 167 13 1 , 174875.14074999976
5 183 14 1 2 284 17 1 3 214 19 1 5 238 15 1 2 209 13 2 4 300 9 1 2 49 1 6 , 654619.4802499987
4 146 6 5 4 178 17 3 6 281 9 8 4 232 3 8 6 121 2 6 1 165 3 2 4 175 16 4 , 126769.16999999993
4 174 16 1 2 263 1 7 4 277 1 3 6 124 2 8 6 248 8 2 5 263 11 6 6 138 5 7 , 196848.23275000037
6 124 11 5 3 319 1 3 1 206 1 1 3 35 1 1 4 135 19 7 4 308 20 7 4 163 7 4 , 128418.2125000006
5 225 2 2 5 56 18 7 5 95 7 1 1 226 7 6 2 32 20 3 5 276 13 4 3 203 16 8 , 178248.49675000017
4 161 17 4 4 148 7 1 2 271 7 3 5 36 17 7 4 153 11 5 1 81 7 4 2 221 10 6 , 183188.35625000054
3 69 1 5 1 53 18 1 1 238 20 5 3 270 4 3 3 242 12 7 5 307 19 1 1 235 12 5 , 194680.86750000037
2 161 17 4 3 140 15 7 4 209 14 8 2 234 10 1 5 153 18 4 6 58 15 6 5 204 8 2 , 221480.69250000146
6 110 10 6 2 156 13 2 5 184 19 3 4 192 2 2 6 266 17 5 6 55 14 3 2 134 3 2 , 185786.8049999998
2 195 7 3 5 192 20 4 2 82 11 7 6 291 2 5 2 216 9 2 4 59 4 1 6 41 3 2 , 136735.88249999945
1 164 13 3 4 135 12 2 5 304 8 2 2 188 10 3 2 126 8 4 1 279 6 4 4 315 8 4 , 171408.32275000037
4 17 18 3 5 226 16 2 1 118 19 8 3 272 15 1 2 25 1 6 4 173 12 4 3 68 17 7 , 285630.4837499997
6 294 9 4 3 304 11 2 1 311 17 6 4 174 6 6 5 269 1 4 5 250 11 1 1 199 11 6 , 173268.58350000027
2 284 2 4 5 109 1 3 2 179 3 8 2 232 19 1 5 49 20 5 6 175 17 7 3 103 6 4 , 176274.4059999999
1 74 12 6 2 38 18 1 6 105 13 7 6 59 17 1 1 96 7 7 2 318 1 8 6 120 8 2 , 151697.69799999992
2 75 14 4 3 290 9 4 6 304 20 4 1 77 17 3 5 121 12 8 6 72 16 5 2 146 9 5 , 211831.4292499997
3 59 12 2 1 183 17 3 1 311 5 7 5 133 5 5 3 174 3 7 2 196 4 1 5 198 11 2 , 134164.4419999996
1 199 2 8 2 95 8 7 3 236 20 2 4 16 14 2 1 167 4 8 5 209 7 6 6 187 2 3 , 116234.21174999977
4 95 1 4 4 124 8 7 2 81 7 7 6 103 18 7 5 200 8 6 3 306 17 2 3 166 18 1 , 174856.08450000055
4 291 11 4 6 73 18 2 6 302 4 3 2 231 10 7 6 260 16 1 4 223 11 6 6 203 15 1 , 205421.3662500005
1 275 6 3 3 215 2 7 4 244 13 4 1 264 1 5 5 36 1 5 3 72 17 7 5 296 3 7 , 96326.06524999984
3 159 3 6 5 36 13 6 1 217 18 1 2 294 17 6 6 95 4 5 6 298 13 8 5 118 6 1 , 168957.6785000006
5 252 15 3 2 79 11 3 6 145 19 6 3 266 8 2 1 163 7 8 3 151 17 6 5 100 8 5 , 203208.70324999903
6 300 9 1 3 128 1 4 3 195 4 5 2 259 7 8 3 313 10 6 6 84 2 2 5 313 3 4 , 164430.07399999976
6 21 4 6 2 54 6 3 1 109 18 6 1 122 14 5 5 273 20 4 1 159 5 4 2 266 19 7 , 188492.89500000048
3 52 12 1 3 320 19 7 2 320 1 2 4 214 11 7 1 102 10 6 2 26 13 2 3 181 11 1 , 184085.94750000015
2 120 1 3 2 34 6 2 3 150 7 2 4 307 2 3 6 202 7 8 5 37 11 5 1 81 19 2 , 126161.52100000034
5 51 4 1 2 254 15 8 4 161 20 6 5 191 9 6 3 264 19 2 6 223 11 5 4 24 15 7 , 215603.35374999954
1 270 19 6 2 137 3 2 3 166 10 2 3 232 3 5 4 182 12 1 2 100 9 6 1 173 10 7 , 182249.7412500007
4 213 18 6 4 291 11 6 3 146 4 1 3 65 17 3 2 59 17 2 6 116 6 8 6 317 18 5 , 238165.42224999997
3 166 8 6 4 162 8 5 3 25 5 1 2 300 20 4 3 282 11 7 4 304 5 7 6 170 4 6 , 178451.14399999956
2 214 8 4 4 213 20 7 4 56 16 6 1 72 20 1 3 218 16 2 1 43 20 3 5 294 14 3 , 288271.3584999996
2 38 2 7 6 125 9 7 3 27 13 3 2 194 6 5 1 148 19 5 3 35 1 4 5 70 4 4 , 132223.43550000002
2 178 6 6 1 81 17 3 1 288 5 1 6 276 8 4 4 210 14 7 1 291 17 2 1 57 10 1 , 188213.9135000009
6 50 7 1 6 124 10 8 4 68 18 6 4 103 16 8 2 308 6 3 3 197 5 6 3 54 12 5 , 156801.27575000044
1 232 14 8 2 226 19 7 4 34 12 2 2 83 10 2 1 144 12 2 4 269 19 6 3 295 8 2 , 208925.31674999942
3 55 6 8 5 302 16 7 4 142 18 4 2 184 6 7 3 174 2 8 5 151 7 8 1 240 6 1 , 143079.5767500005
5 157 7 2 3 299 17 1 2 257 12 8 4 241 11 7 5 162 7 4 1 78 5 3 4 100 6 7 , 158211.59300000017
1 99 3 8 2 219 11 3 5 313 14 8 1 44 19 5 2 76 1 1 3 279 15 5 6 69 20 2 , 178451.19825000004
6 242 14 2 6 109 7 3 6 59 17 6 4 211 16 2 1 57 20 7 6 266 18 3 6 144 11 3 , 248635.64149999997
5 74 13 3 5 247 12 2 2 169 8 3 4 248 15 5 3 174 8 3 3 102 10 7 3 301 13 8 , 190776.0169999999
4 97 18 3 3 133 12 5 6 266 6 2 1 228 4 2 2 224 7 4 2 108 17 8 6 141 14 8 , 178405.8879999993
1 33 6 3 2 208 13 6 6 251 8 6 4 146 4 2 4 79 11 4 3 317 16 2 3 290 19 7 , 166584.21074999936
5 131 6 2 1 100 13 3 3 148 20 2 2 233 17 3 6 155 1 7 2 114 13 1 5 141 16 2 , 188720.24350000033
1 101 13 6 1 191 1 8 2 289 20 6 6 90 2 1 6 249 8 5 1 113 6 4 5 296 13 7 , 141427.51975000006
3 263 12 8 1 160 2 3 3 317 6 7 2 81 19 6 6 274 7 6 6 165 4 6 4 128 2 7 , 121260.8782500003
3 231 11 6 4 208 7 4 6 61 9 2 5 269 4 2 5 158 13 5 1 72 16 5 6 64 12 7 , 162631.80074999944
4 300 19 8 6 54 19 6 1 152 3 6 4 23 5 1 4 236 20 4 6 41 16 2 3 166 2 3 , 218490.44974999968
4 80 7 4 2 54 10 8 5 17 16 3 6 18 10 7 3 303 13 8 1 74 5 2 5 66 14 3 , 181819.44549999962
2 28 19 1 5 249 5 1 2 26 16 7 6 312 3 7 6 124 17 1 4 313 4 3 3 139 11 3 , 242931.60649999982
4 263 3 8 2 123 1 2 2 309 9 8 5 213 12 6 2 64 14 5 2 303 10 2 6 165 6 5 , 183358.1464999998
6 225 15 3 5 67 13 4 5 236 20 4 3 315 12 4 3 94 6 6 1 122 1 7 5 192 16 6 , 203378.5447499997
5 89 12 4 1 41 7 3 1 275 15 1 2 258 18 3 1 57 12 3 3 37 6 8 6 163 13 6 , 199899.4410000001
3 242 13 8 6 319 1 4 1 20 16 8 6 81 15 3 6 248 13 7 2 215 12 2 4 187 19 2 , 227989.81500000024
4 39 15 7 3 38 15 1 2 70 5 7 3 117 16 2 3 31 17 2 5 138 7 7 3 84 9 8 , 167111.11074999993
4 231 8 1 1 55 19 4 3 306 20 3 3 272 4 2 1 276 3 7 5 48 10 4 2 27 17 5 , 201169.06899999976
3 271 14 7 6 149 15 3 1 281 8 7 5 60 5 8 6 178 17 6 4 301 19 2 4 85 9 1 , 192603.20750000005
2 311 7 4 5 224 18 2 6 182 10 3 4 82 20 7 3 79 3 5 3 151 20 3 6 32 14 2 , 198289.36575000043
6 272 2 7 2 305 9 4 4 210 15 8 2 132 12 7 4 149 8 4 2 107 18 3 2 158 4 7 , 130177.9449999998
4 290 6 4 5 227 8 3 2 111 10 4 2 237 14 4 2 116 19 4 4 29 14 2 4 153 6 1 , 150960.45050000004
3 61 3 2 2 21 14 6 1 87 1 6 4 158 2 1 3 194 13 2 4 308 17 4 1 180 8 3 , 125027.1615000004
4 312 5 2 3 256 13 1 1 42 20 8 1 205 9 6 3 298 9 3 1 115 2 6 4 80 12 3 , 183479.2089999999
5 77 9 7 5 96 2 5 2 62 20 8 1 218 4 1 6 98 12 5 4 217 2 6 3 300 15 7 , 180775.31400000007
2 89 14 7 5 137 4 5 3 57 14 3 3 220 17 2 2 41 8 3 2 288 11 1 2 208 3 5 , 170568.79700000002
5 168 19 8 5 203 16 7 4 235 5 1 4 204 8 1 4 214 3 1 3 149 1 3 2 141 6 2 , 130769.73024999959
2 23 15 8 5 195 1 7 5 53 5 2 4 168 11 6 1 62 4 6 3 138 19 5 4 208 7 4 , 161284.23949999982
6 162 4 7 1 16 11 1 2 210 17 4 1 128 3 4 5 32 7 2 6 85 6 7 5 109 20 8 , 154966.76699999959
1 247 11 3 1 131 2 8 6 207 10 2 1 101 1 5 5 55 20 3 1 140 11 3 3 180 8 5 , 185332.76499999998
3 77 19 2 4 162 1 2 4 95 16 5 4 218 19 5 1 74 2 7 6 238 8 8 4 210 7 7 , 186699.43700000056
6 81 15 2 3 135 1 8 4 236 17 4 3 114 11 3 6 84 6 3 2 118 3 3 6 179 4 5 , 133250.63925000007
4 113 11 5 1 265 5 6 1 34 15 1 4 57 10 3 4 105 2 2 3 306 12 7 2 294 10 7 , 165868.07949999982
6 91 15 2 1 161 11 3 2 29 7 3 1 265 15 4 6 293 19 4 2 115 12 8 5 181 19 4 , 258859.63274999993
5 280 18 1 4 131 6 1 6 87 1 7 1 213 13 3 2 192 5 2 4 277 19 8 3 174 17 6 , 437404.73900000064
6 307 3 1 2 60 11 7 3 221 2 7 2 217 18 5 2 294 11 6 3 196 4 5 2 121 16 6 , 188389.2637500002
3 177 7 5 1 246 12 3 2 207 5 3 5 270 20 6 5 30 4 8 4 217 12 7 1 208 9 7 , 175885.77649999992
3 149 3 3 3 210 3 2 6 129 17 7 3 78 12 1 3 60 19 7 1 97 6 7 4 108 19 1 , 158465.57099999997
2 31 12 3 6 176 8 5 4 43 8 5 4 195 8 1 6 226 11 5 5 271 12 4 3 37 14 7 , 156367.3764999997
3 104 19 8 2 65 6 6 4 182 10 4 1 56 2 3 1 68 15 5 3 105 19 3 5 27 10 7 , 172711.34749999977
5 51 19 5 6 307 17 1 4 277 16 7 4 167 2 2 1 274 17 1 3 312 13 3 6 284 20 5 , 233575.39600000024
6 280 11 6 2 56 5 2 5 277 12 1 2 105 7 3 4 299 18 2 6 251 4 7 2 280 20 8 , 167413.5462499999
4 234 18 6 2 195 19 3 6 275 20 1 6 19 20 7 3 205 9 3 5 196 17 7 3 240 12 2 , 242246.71499999962
2 134 17 7 1 39 4 4 3 111 5 3 4 294 19 3 1 151 18 8 4 249 8 8 3 92 20 6 , 207951.54900000006
4 173 12 7 2 201 10 7 2 38 12 7 1 144 5 8 5 80 8 8 4 52 1 1 1 225 17 3 , 153207.66624999934
1 71 12 4 5 129 3 1 3 92 11 6 5 78 11 3 3 212 17 2 1 37 7 4 2 68 11 8 , 165548.7837499998
6 278 5 4 1 145 7 8 1 200 14 4 3 190 10 5 2 181 10 2 4 169 12 1 3 143 6 3 , 151735.42224999997
5 288 3 1 6 240 10 6 6 39 5 5 5 70 6 7 5 66 14 2 2 150 6 4 3 39 13 3 , 147230.02674999993
2 315 20 6 3 83 20 6 3 187 4 2 4 158 20 2 6 125 10 5 5 22 20 5 3 162 8 8 , 255520.51874999993
4 35 12 4 6 198 3 3 2 72 18 8 6 318 9 4 4 317 19 5 4 250 9 7 6 171 3 5 , 199992.75250000056
6 59 6 3 4 220 15 4 4 225 6 2 2 70 8 7 3 295 14 3 3 141 2 6 5 282 18 5 , 182851.0040000006
1 16 18 1 3 156 13 6 1 172 12 8 2 218 6 2 6 78 10 2 6 320 19 8 1 276 5 4 , 230250.01999999877
1 127 10 2 6 275 3 5 2 81 6 2 1 16 20 6 4 32 19 5 2 310 14 7 2 55 19 4 , 230665.55449999988
5 136 20 8 4 33 20 4 5 32 14 8 3 247 4 7 3 110 11 4 6 96 3 1 6 319 20 8 , 224018.86950000032
6 205 12 2 1 132 2 2 5 309 13 7 1 284 7 5 6 315 16 1 5 231 19 3 3 28 5 1 , 172846.51825000055
4 201 2 3 6 131 18 7 5 84 18 3 2 117 10 7 5 151 20 1 5 152 1 4 2 309 15 2 , 201929.78099999973
