1 38 13 7 3 236 19 3 6 235 18 3 6 162 2 4 3 204 14 6 6 53 14 6 4 277 17 3 , 168235.00350000017
1 273 12 7 6 37 16 6 1 30 14 2 4 92 9 8 3 249 13 5 6 97 9 3 6 202 4 2 , 133934.76250000013
5 42 17 6 6 27 10 4 2 99 8 1 4 72 20 5 4 303 6 7 6 75 16 5 5 279 18 8 , 168531.92849999963
5 224 10 4 1 228 19 7 6 170 8 4 4 184 4 1 4 183 4 5 2 172 11 7 1 224 6 6 , 116697.25125000015
6 84 18 1 6 24 4 7 3 83 14 1 1 217 15 8 6 236 1 8 2 65 7 1 3 21 17 6 , 153401.57950000046
3 315 8 3 1 88 12 8 3 213 4 8 2 74 20 5 2 58 12 1 4 103 13 6 1 281 11 5 , 144867.2320000006
6 46 12 1 5 190 1 4 6 76 4 4 6 20 14 8 6 287 11 4 3 205 17 1 6 75 13 1 , 133259.13375000027
4 203 5 7 4 248 16 3 1 215 11 5 4 100 3 4 4 178 6 5 6 240 4 6 5 49 4 4 , 95967.90524999979
6 216 3 2 4 162 11 3 5 275 15 6 3 312 7 7 5 261 7 4 4 281 18 3 2 244 7 1 , 129999.00374999983
1 43 9 6 4 84 18 5 4 138 4 2 3 283 4 8 6 248 17 4 4 121 8 5 2 148 2 6 , 119254.0947499999
5 54 3 5 1 121 14 2 4 97 18 7 1 206 5 5 2 190 11 7 4 138 10 3 3 162 4 1 , 122113.63800000005
5 152 6 3 2 25 5 3 2 111 9 8 4 300 1 2 5 286 4 5 2 122 17 6 3 111 20 3 , 119482.14749999985
3 171 18 3 6 247 1 6 1 216 19 3 6 210 4 8 6 69 4 4 2 45 4 1 5 298 4 7 , 107401.8202499995
6 66 14 6 4 304 1 6 2 81 17 4 6 62 1 2 5 283 1 6 6 277 6 8 3 17 13 6 , 105942.19275000032
5 86 6 8 5 30 17 7 4 259 15 8 1 79 14 8 2 98 5 1 3 285 19 1 1 311 16 8 , 169180.39800000042
3 282 9 1 5 213 10 6 1 47 5 8 5 19 11 7 3 157 3 3 4 146 9 3 4 37 20 8 , 158590.81774999975
3 182 10 3 6 73 6 1 1 197 17 5 3 151 13 1 1 31 7 5 2 271 9 1 4 67 5 8 , 129905.41175000012
2 130 20 4 3 168 11 4 3 257 12 3 2 42 18 2 1 46 9 3 6 54 5 1 3 267 7 7 , 168270.5214999998
1 222 5 2 1 252 16 8 5 249 16 1 2 75 1 7 3 146 6 5 1 168 6 4 3 97 1 5 , 103728.90549999962
6 51 15 6 6 242 14 1 2 29 5 5 4 163 20 4 2 24 18 1 1 300 4 3 4 73 7 3 , 167846.93624999927
4 72 7 7 2 270 3 3 3 223 5 8 4 17 18 4 2 58 6 5 1 59 18 5 6 93 9 7 , 133126.45249999964
1 304 12 6 1 278 9 7 4 141 11 5 3 23 7 4 6 207 4 2 1 292 18 1 4 45 9 5 , 144296.25824999984
6 207 16 2 4 221 6 3 5 209 2 7 3 25 2 2 3 313 9 4 1 254 18 6 6 156 16 5 , 138829.22874999995
4 45 4 6 3 226 18 5 1 270 4 1 4 177 4 1 2 98 16 6 1 45 16 3 4 108 4 2 , 136742.94600000064
2 106 20 8 6 217 16 4 5 126 11 3 1 232 14 7 6 179 7 5 3 210 2 7 4 313 4 3 , 169406.70599999966
1 27 3 7 2 128 6 5 5 33 15 5 6 225 18 4 3 21 13 1 2 174 6 2 4 206 2 3 , 138410.80950000003
1 155 10 8 3 278 14 4 1 20 20 7 4 180 9 4 4 300 17 4 4 274 20 3 4 301 11 6 , 206850.78250000006
1 212 20 7 6 164 10 6 3 23 16 2 1 180 11 1 1 239 17 6 1 70 20 4 4 174 7 3 , 208856.01075000095
4 177 15 5 5 22 7 3 5 35 10 5 3 262 14 6 2 255 9 1 4 268 15 3 6 69 14 3 , 177422.84425000046
3 78 14 1 2 300 19 3 5 172 3 6 1 288 3 1 3 160 10 3 3 62 17 5 3 310 3 8 , 148096.47624999975
2 248 8 3 5 250 20 8 3 76 11 1 1 48 8 6 4 281 16 3 1 108 2 4 1 288 9 1 , 168397.038
2 107 17 3 2 249 18 1 3 30 13 4 5 279 5 8 5 199 9 7 6 288 6 8 5 216 3 5 , 148757.5697499995
2 92 6 8 1 318 17 4 2 211 4 2 6 191 4 1 1 67 7 3 6 217 19 8 4 235 15 6 , 150232.55975000025
5 237 19 2 5 116 19 7 6 239 11 4 1 52 6 1 4 135 20 8 3 205 17 2 5 158 7 3 , 218628.8345
6 284 7 3 1 167 20 6 5 137 10 2 2 46 15 6 3 222 18 8 2 314 11 4 6 103 12 2 , 204091.0147499987
3 296 16 6 6 120 10 4 1 134 9 6 4 176 1 3 3 120 18 2 4 131 6 8 1 220 20 6 , 175081.1879999998
5 313 14 7 1 147 12 7 3 46 15 2 1 68 16 6 3 80 15 8 6 245 13 3 3 211 18 1 , 218588.28849999997
4 191 15 4 2 237 13 8 6 43 18 5 1 308 13 8 5 319 11 1 1 21 16 7 3 272 6 3 , 210928.0787499996
4 250 9 4 4 157 3 6 3 239 12 3 6 98 5 7 3 263 15 1 4 31 3 1 1 278 11 5 , 138063.40075000012
6 320 6 8 4 25 19 6 3 188 2 1 5 289 2 5 4 291 12 4 5 174 8 1 1 121 16 2 , 157641.39300000033
5 54 5 8 3 111 16 4 2 133 18 2 1 208 13 2 2 164 4 1 2 302 13 1 5 93 4 5 , 163102.79799999966
1 102 1 3 3 83 1 5 5 27 5 6 4 76 2 5 2 144 20 7 6 77 5 4 3 279 8 8 , 104511.5657500001
2 197 17 1 1 159 11 4 5 16 15 5 3 104 18 3 4 70 20 5 4 103 17 7 1 99 7 8 , 269500.3015000004
3 171 8 6 3 104 2 1 3 166 5 2 2 105 11 3 4 316 18 8 6 185 18 7 5 230 17 1 , 191911.19300000073
2 296 1 3 1 219 18 2 1 85 8 8 2 94 14 2 2 180 20 5 2 279 9 4 2 284 13 2 , 186800.6599999998
2 305 6 7 6 72 18 4 3 64 2 3 2 293 18 6 4 219 8 4 2 281 10 4 6 311 19 8 , 197140.5574999997
2 132 11 5 1 240 9 5 6 188 4 8 4 139 19 8 5 312 3 5 1 219 4 3 3 155 12 5 , 156375.1402499997
5 211 13 1 4 28 7 7 1 130 9 8 5 156 11 4 2 110 17 3 2 33 17 8 1 45 11 5 , 264760.96575000125
2 220 13 3 4 164 20 5 1 283 2 7 3 306 2 4 2 303 13 5 4 32 20 1 6 250 18 5 , 197092.9227500002
1 303 15 3 3 159 1 3 6 60 16 4 2 75 2 2 2 310 1 7 2 124 10 2 1 265 11 8 , 137652.6904999999
3 141 16 8 1 276 20 2 2 40 17 1 5 268 15 5 2 101 10 4 6 118 11 8 2 246 18 8 , 264663.66274999984
3 314 13 5 5 220 6 3 1 318 10 4 2 83 4 3 6 311 9 7 5 285 1 5 6 49 18 8 , 151803.83500000028
5 207 18 3 5 198 2 8 4 251 14 2 6 240 1 4 3 255 1 2 3 97 8 4 6 122 5 2 , 118848.33825000019
2 315 7 4 4 93 16 1 5 188 18 1 6 149 19 6 4 304 14 7 2 37 5 6 1 158 15 1 , 243551.83600000068
5 121 18 3 5 259 4 7 4 188 4 5 1 297 9 8 4 187 6 6 5 278 15 6 4 235 13 1 , 165542.11950000035
3 278 11 6 2 29 16 7 2 240 8 4 3 32 13 2 4 119 6 5 1 253 17 5 5 228 2 8 , 181446.5099999996
4 21 20 8 4 255 7 5 4 152 1 7 5 245 11 5 3 219 20 1 6 213 12 4 4 137 16 6 , 217056.3197500001
1 190 8 5 5 113 18 5 3 125 14 8 4 308 12 6 3 72 15 2 3 145 3 3 1 152 12 1 , 206508.73824999953
4 195 9 6 5 242 19 1 3 145 8 4 1 131 7 7 5 127 11 3 5 275 1 3 6 104 5 2 , 154589.99625000008
2 209 11 3 6 82 19 8 4 68 13 3 1 227 10 4 6 250 2 2 5 44 7 6 3 28 18 8 , 213060.10950000008
6 54 12 2 1 172 10 2 3 204 3 7 4 264 14 2 6 148 6 1 6 280 8 5 4 235 1 7 , 140241.40150000068
4 150 10 2 6 143 15 2 2 30 2 3 3 121 8 4 2 47 2 4 4 67 10 8 1 206 20 4 , 183102.83550000004
3 141 6 4 1 133 5 2 4 150 4 5 4 250 4 2 5 225 1 2 2 228 15 8 3 157 12 4 , 130851.47200000021
1 250 12 2 6 137 14 1 2 257 7 7 6 194 10 3 3 192 20 2 2 98 16 7 2 179 1 3 , 208982.98125000024
1 193 17 8 4 167 7 1 3 138 16 2 4 221 4 6 2 178 17 6 1 188 3 5 5 18 5 6 , 185843.95549999952
4 49 10 2 4 22 20 4 5 156 7 3 5 62 14 2 6 81 18 4 3 247 18 3 2 112 18 7 , 278718.21474999987
6 237 11 5 4 132 3 4 2 16 7 3 4 185 14 8 1 193 1 8 3 224 20 1 5 270 8 2 , 181297.41350000005
6 258 9 5 4 293 2 7 3 127 16 5 1 70 20 7 1 178 2 1 2 111 8 7 1 99 14 4 , 206775.47075000044
5 296 20 4 3 175 16 2 2 164 9 1 6 136 14 1 6 214 1 6 2 289 9 7 5 308 19 4 , 247729.6804999996
2 87 13 6 5 28 5 2 6 95 7 7 2 162 7 7 2 229 13 2 2 26 14 3 6 116 14 4 , 198367.80874999956
1 258 12 5 5 27 17 1 6 16 2 4 4 88 9 3 5 43 1 1 2 225 3 7 3 143 12 1 , 152367.81749999942
2 184 4 8 5 191 20 5 5 79 11 4 4 126 13 6 3 104 4 3 2 88 10 8 2 299 1 6 , 170031.78724999967
6 275 20 7 6 121 20 8 5 218 20 7 5 155 2 8 4 290 5 4 1 123 5 3 5 115 8 3 , 221010.73599999986
4 262 15 7 4 122 15 5 4 49 18 1 1 247 12 1 1 260 8 5 5 153 17 6 5 110 9 7 , 260991.45850000018
6 68 17 8 4 213 9 1 6 251 9 4 3 60 17 2 2 287 10 5 1 220 20 1 3 137 18 4 , 301441.9962499995
2 138 19 7 6 70 12 7 3 247 6 3 4 125 6 3 1 22 5 3 2 290 7 2 2 96 10 2 , 183372.3730000001
4 256 10 8 4 98 15 1 5 257 4 6 2 309 1 8 1 282 9 6 4 254 18 3 2 300 17 5 , 206926.8844999998
3 36 12 2 2 132 9 6 6 73 6 4 5 302 15 4 4 158 3 7 1 221 4 3 4 81 8 7 , 162178.91999999966
1 173 1 5 6 101 5 2 3 158 5 2 1 190 2 1 4 98 16 8 1 211 1 2 4 263 2 3 , 98612.71099999986
4 111 14 1 6 90 18 2 3 22 4 7 6 306 17 5 4 282 20 2 2 181 15 2 2 254 11 8 , 282543.61199999944
1 271 8 4 4 89 1 8 5 205 18 6 1 288 4 3 1 167 20 8 6 180 5 3 2 77 10 7 , 195308.29449999967
4 162 6 4 5 272 6 5 6 182 15 8 2 283 2 6 3 87 19 1 1 243 16 8 2 68 3 3 , 188907.85950000017
6 166 14 1 5 186 16 3 2 56 20 3 2 140 5 3 5 76 13 3 2 243 4 5 3 291 1 5 , 284862.99050000013
1 37 10 5 1 117 15 1 6 301 8 2 6 313 6 7 4 264 4 2 4 183 2 8 1 107 15 5 , 180949.0972499998
3 17 10 1 4 189 5 1 2 241 3 3 4 58 13 3 6 164 5 2 5 318 8 5 4 223 14 8 , 163596.35649999997
3 221 20 3 6 312 20 8 6 105 19 1 1 85 5 2 5 136 3 3 5 149 6 5 3 212 5 6 , 239543.31825000027
4 252 7 5 2 82 8 3 5 220 11 8 3 187 16 4 3 75 4 3 5 94 19 4 1 188 2 5 , 197484.85274999932
4 142 16 8 2 71 6 8 5 186 3 6 5 267 2 7 4 42 18 3 4 38 12 8 1 220 20 4 , 239429.1519999997
4 83 4 4 2 52 11 1 2 61 3 6 5 50 17 1 5 25 1 6 2 60 20 3 6 245 17 7 , 255502.47625000007
5 151 1 6 6 319 10 8 1 207 12 3 1 97 5 5 3 85 10 4 6 241 5 8 1 112 7 3 , 154765.83325000072
3 158 1 6 5 242 6 4 6 81 2 3 6 198 2 2 1 157 8 8 6 224 8 6 6 180 11 8 , 127186.6345000001
5 285 20 5 6 43 20 3 3 229 2 3 5 303 2 1 5 286 9 2 2 92 6 5 5 129 4 7 , 198784.45850000042
1 315 15 6 2 242 6 4 3 94 3 6 4 80 2 3 3 85 20 4 6 173 11 7 4 150 18 6 , 225069.96150000018
1 80 2 2 6 72 16 5 2 226 18 3 2 237 14 8 4 288 3 8 4 81 13 8 1 262 9 1 , 217504.77625000055
2 272 7 1 6 99 18 4 4 174 10 6 2 58 9 7 4 164 2 2 6 309 14 8 1 307 4 1 , 223513.78924999922
4 254 6 7 3 24 1 5 4 34 18 2 5 210 6 6 3 153 12 5 6 100 10 5 2 256 13 3 , 229479.1407500006
1 227 13 4 6 62 12 1 3 70 10 4 5 130 9 3 1 128 20 7 2 280 16 6 1 239 13 5 , 287593.6250000012
6 31 13 4 6 52 19 7 2 274 2 8 6 159 2 6 2 88 14 5 3 210 18 1 4 200 1 3 , 238090.38875000068
3 135 11 4 6 205 12 5 3 116 19 1 1 268 13 1 4 157 2 4 4 285 4 1 2 292 7 1 , 221462.5517499995
2 216 18 4 1 96 12 1 6 35 9 5 5 54 18 4 4 303 6 6 6 274 1 7 1 19 16 1 , 267886.41800000024
4 78 18 5 3 237 2 7 6 129 1 5 1 200 7 2 2 148 5 1 2 293 15 6 4 301 3 4 , 160746.5845000008
5 147 19 8 6 120 12 1 2 166 17 1 2 52 12 6 6 179 16 2 2 122 18 7 3 21 1 1 , 328881.65199999907
1 95 5 5 4 171 8 6 2 304 16 5 2 272 10 4 5 185 12 5 2 55 9 4 2 90 6 1 , 241316.7054999991
6 210 1 1 2 133 7 7 5 113 17 1 5 172 6 2 6 24 12 5 1 228 7 4 6 254 12 6 , 204839.61750000087
4 17 9 7 5 261 19 5 2 251 11 3 5 271 11 1 4 167 7 4 6 223 13 5 1 36 17 4 , 302977.35050000116
3 65 8 6 6 140 1 2 5 258 20 8 4 108 20 8 4 66 12 5 6 248 16 4 6 297 13 3 , 325545.97450000054
2 305 6 5 3 39 14 3 4 179 20 3 5 168 11 6 3 62 18 8 6 318 6 1 3 53 16 7 , 305080.4852500004
3 79 5 5 4 208 4 4 3 93 4 8 2 205 20 7 3 264 5 4 1 259 12 3 1 196 11 8 , 212950.08775000012
2 34 14 2 5 227 20 1 4 146 20 3 1 79 13 3 5 258 5 7 1 50 13 2 1 106 10 6 , 329688.3057499994
2 81 6 5 5 306 5 4 2 228 11 5 1 37 11 5 6 300 9 3 2 238 2 4 4 226 20 8 , 222533.17624999944
3 102 4 5 2 43 19 6 4 159 2 6 6 81 1 8 3 123 4 7 1 160 18 7 2 138 18 6 , 271412.93975000095
3 188 16 7 1 136 13 4 5 210 7 5 6 22 2 6 2 144 9 8 6 198 19 2 1 59 18 3 , 303474.9869999985
2 197 13 7 6 72 5 4 2 19 11 4 1 108 4 1 3 156 5 2 1 190 4 4 5 217 4 1 , 138072.0932499999
2 159 12 1 3 98 20 7 2 94 9 7 4 188 11 7 1 145 3 3 6 312 9 6 4 175 5 7 , 253131.70149999933
2 84 12 1 2 213 9 6 4 283 3 1 3 217 5 8 3 160 5 7 4 86 3 3 4 255 19 4 , 208800.62800000032
6 256 20 1 1 242 19 7 2 281 9 1 2 24 19 7 3 26 3 6 2 216 13 8 2 128 15 8 , 466551.7717499992
6 34 14 8 2 162 8 5 4 159 18 1 5 50 15 4 4 280 8 6 6 211 16 4 4 54 6 4 , 308457.56300000154
3 54 19 6 5 43 7 5 6 23 5 4 6 191 9 2 3 290 20 3 2 161 14 7 4 269 17 3 , 301771.9582500006
6 39 9 3 6 90 2 2 3 114 7 6 5 255 7 4 6 102 6 3 1 29 15 6 4 257 1 6 , 174590.22125000026
4 176 13 1 4 287 20 5 2 311 10 5 2 279 19 4 4 181 6 8 2 236 5 1 2 70 5 8 , 301229.39800000144
4 181 16 7 2 150 16 5 3 249 10 5 3 243 8 6 3 106 9 3 2 126 12 2 1 125 19 3 , 303897.3022500015
1 206 4 8 3 132 19 8 2 48 18 6 6 79 12 1 4 122 20 8 6 274 9 2 1 105 1 8 , 289880.1524999993
4 132 20 2 3 174 15 4 2 290 20 6 2 43 13 5 6 239 16 7 2 64 5 3 4 190 15 5 , 412072.5984999985
4 274 12 3 5 115 16 2 1 187 7 7 6 265 13 2 6 199 19 2 2 267 6 6 3 269 14 8 , 315249.1602500003
3 124 6 5 4 251 2 8 3 89 2 6 4 137 15 8 4 273 19 4 4 203 12 4 6 147 7 8 , 229567.69974999965
5 101 9 2 2 61 16 4 4 177 19 7 1 262 18 1 6 228 13 1 5 58 19 5 1 43 20 2 , 399829.0497500007
6 112 14 4 2 184 11 1 3 305 2 2 5 214 10 4 3 140 4 1 5 236 4 7 6 101 2 8 , 185308.9894999998
1 116 2 4 3 102 17 7 1 311 17 5 3 113 8 4 3 34 1 4 5 222 12 7 5 150 11 6 , 234101.8775000004
6 297 2 8 4 206 10 5 4 208 10 8 6 209 17 4 2 251 11 2 2 146 10 8 1 215 8 2 , 256862.5122500003
5 110 4 7 6 72 18 4 3 16 5 2 4 283 7 7 3 127 17 3 5 193 2 2 1 317 10 2 , 221799.64774999936
1 60 9 7 6 302 10 5 2 68 2 6 4 258 20 5 2 85 10 1 1 120 20 1 5 44 12 3 , 315936.4695000006
1 319 5 4 6 124 9 5 6 186 3 4 3 120 15 2 6 190 10 2 1 40 8 6 5 237 12 2 , 191068.55975000092
2 270 7 2 4 256 4 8 2 253 2 8 6 157 9 3 1 230 4 4 5 162 19 5 1 181 8 5 , 216753.67175000007
1 281 16 8 1 20 9 6 6 178 6 2 2 273 19 6 6 183 15 5 5 21 18 1 5 167 2 5 , 311717.4384999998
1 299 5 1 1 257 10 5 4 310 3 8 1 122 7 8 4 19 3 2 2 39 10 8 2 72 14 8 , 220919.10149999932
6 91 10 3 6 240 16 2 5 265 16 7 6 312 11 2 2 179 18 6 3 173 7 5 1 31 2 5 , 329506.61899999995
3 61 12 7 6 151 5 3 6 251 6 2 5 221 4 5 6 307 8 1 3 314 12 6 4 175 1 4 , 180121.42324999988
1 313 13 8 1 100 13 6 1 143 2 1 4 298 19 8 5 137 10 5 3 259 16 8 5 315 10 7 , 328226.64674999926
2 46 10 1 3 296 14 8 1 60 5 8 6 246 2 6 5 19 7 5 1 207 18 3 3 38 5 6 , 246269.09175000025
4 145 13 2 2 20 2 6 1 34 5 4 2 86 20 1 5 317 8 1 1 39 6 3 3 68 9 2 , 253106.99650000088
1 32 9 7 4 155 16 4 1 28 3 6 4 312 7 3 1 164 4 3 1 63 16 4 3 263 19 2 , 296288.3622499999
6 28 14 4 3 312 1 6 3 98 19 5 5 160 4 8 4 124 16 4 2 313 7 3 3 63 8 7 , 276415.93875000015
2 90 18 7 3 222 5 7 1 285 10 7 1 89 8 8 6 18 19 2 1 255 8 4 2 221 4 4 , 303996.42524999985
1 120 6 8 2 214 7 7 3 147 8 2 4 217 18 3 6 96 18 6 4 279 12 4 2 283 11 4 , 314903.1399999994
3 143 19 4 1 132 3 6 4 92 10 6 6 231 7 1 3 246 12 7 6 299 17 2 1 229 12 6 , 273856.63975000015
1 278 11 1 6 224 7 2 5 259 9 4 2 161 4 8 5 20 5 5 2 302 15 1 5 92 5 4 , 245128.49599999952
2 57 14 3 4 114 3 3 6 116 19 7 6 280 15 5 3 17 17 3 5 112 4 6 1 95 8 4 , 333559.0414999997
6 83 19 4 5 59 11 3 1 260 1 1 3 297 12 8 2 79 1 2 2 276 10 7 3 25 5 4 , 258691.73074999993
3 169 17 1 4 290 15 8 1 29 1 5 2 206 20 1 6 43 16 4 6 177 18 4 6 172 4 4 , 378112.3567500018
6 84 14 8 1 46 1 5 6 88 14 4 1 248 18 3 4 154 5 7 3 149 6 1 2 307 9 5 , 295805.75875
4 181 3 6 3 20 13 1 5 34 16 5 1 74 1 3 1 205 18 5 4 17 19 3 3 214 7 3 , 338672.4014999991
2 264 7 2 3 257 15 5 6 186 1 6 6 233 12 5 6 305 11 1 4 181 1 8 4 266 2 3 , 236548.09425000055
3 113 13 7 3 109 8 1 2 228 17 1 4 158 4 6 1 101 15 7 2 69 7 2 5 145 6 7 , 286893.10224999994
6 20 4 3 4 209 5 2 6 130 10 3 3 18 4 4 1 165 1 4 6 214 10 6 2 141 8 1 , 175924.92674999955
5 246 2 4 3 28 2 6 4 317 3 8 5 294 3 4 3 95 6 5 3 93 6 2 3 161 17 7 , 201504.39100000027
2 178 15 7 1 192 2 6 6 119 3 7 2 167 20 4 4 309 13 7 1 89 3 2 3 164 12 7 , 294769.6785000009
6 259 4 1 2 172 1 6 4 38 4 7 2 262 4 1 3 168 12 7 2 200 11 2 6 235 19 1 , 220685.69975000012
1 248 9 5 1 70 3 7 1 61 19 5 1 139 5 1 6 160 3 7 4 68 4 7 5 135 9 8 , 247562.51974999992
1 153 13 5 5 54 20 5 5 62 6 8 5 68 7 2 6 103 6 6 6 21 11 3 6 125 19 8 , 346296.67649999954
6 132 6 3 4 222 5 5 6 119 10 8 4 19 10 3 5 34 10 4 6 44 20 2 3 274 8 5 , 278984.0732499997
5 199 15 2 6 225 18 4 3 149 16 6 6 158 2 3 6 118 2 2 3 127 15 6 2 170 15 7 , 353217.74599999917
4 290 14 5 2 155 5 5 4 50 2 1 1 302 3 2 5 99 18 8 4 73 17 6 4 243 19 8 , 333048.6152500006
1 142 17 3 5 163 11 7 5 66 9 7 6 266 7 4 4 184 4 7 1 18 17 5 4 122 16 2 , 316044.9167499999
6 111 16 6 1 52 3 8 2 222 5 5 5 122 19 6 4 108 13 4 3 146 19 4 3 170 6 7 , 349019.6545000004
3 109 16 6 2 277 16 4 6 138 12 6 6 38 6 6 3 258 16 4 1 52 4 8 3 120 15 4 , 376366.441
2 268 9 6 2 234 1 6 2 172 18 7 1 210 14 2 2 172 8 5 1 315 12 3 4 103 10 5 , 312593.2687500005
5 189 20 7 6 252 10 5 4 71 6 7 5 35 12 2 4 76 20 6 4 54 6 5 2 311 4 3 , 353882.55325000006
1 251 9 1 4 194 13 1 5 25 2 2 1 156 8 3 1 216 1 3 1 117 11 1 3 128 12 4 , 284785.5329999995
1 204 15 6 5 71 16 8 1 44 6 1 5 60 3 4 5 146 18 6 6 191 18 4 5 246 11 8 , 387457.8795
3 80 8 5 1 201 3 4 6 187 4 2 1 144 15 2 6 244 9 6 2 44 20 8 5 237 11 5 , 297097.36975000176
6 103 7 7 1 228 4 3 2 281 12 2 3 135 15 3 4 313 18 8 1 76 19 1 4 37 1 3 , 340205.2060000004
1 178 7 4 6 150 13 6 3 85 17 3 1 197 15 7 1 173 1 1 4 28 18 7 6 225 18 2 , 389458.17800000013
1 293 5 8 4 286 15 6 1 174 9 1 1 177 20 4 3 130 1 8 6 207 14 6 1 171 9 4 , 315103.9604999998
6 228 18 4 2 141 14 6 3 243 7 2 4 149 7 2 1 298 10 7 2 280 16 3 5 211 7 2 , 363212.18975000025
1 160 10 1 5 245 14 4 3 32 20 8 4 230 6 2 2 264 4 2 3 69 7 6 2 125 18 4 , 358433.60274999955
5 193 17 7 4 212 7 7 5 181 8 5 1 269 7 4 2 273 2 7 1 94 10 5 2 124 12 3 , 294878.8077499992
3 103 20 1 3 163 9 7 5 152 5 8 1 130 4 2 2 150 18 6 1 205 1 4 3 176 14 5 , 324278.14550000126
5 256 19 3 5 179 5 3 5 97 14 4 5 213 20 5 4 299 20 4 1 39 3 4 5 178 20 1 , 461938.0117499989
6 184 19 5 2 139 10 7 3 126 7 1 2 75 7 2 4 102 20 3 1 209 20 8 4 179 4 7 , 418428.1715
3 55 6 2 5 151 6 6 2 269 7 3 1 254 1 6 6 315 12 7 5 98 1 4 6 16 9 2 , 208650.66750000033
1 314 14 2 4 27 18 8 2 185 19 6 4 247 14 2 6 176 7 2 6 296 19 6 5 265 15 3 , 508322.0889999996
4 251 20 7 3 46 1 5 4 58 4 1 3 165 9 4 3 283 18 5 5 226 13 7 3 104 11 1 , 322185.97600000066
6 269 15 7 5 304 6 1 3 88 16 2 5 166 16 7 6 282 13 5 5 33 14 5 2 290 5 7 , 419885.78499999875
1 87 17 2 4 159 14 1 1 18 13 2 4 100 5 7 4 84 16 1 2 194 16 8 1 193 9 2 , 386033.60575000104
3 71 15 6 5 199 12 6 6 98 13 6 4 240 8 4 1 235 12 3 5 271 1 8 6 38 11 1 , 325805.7314999999
1 157 17 8 1 291 10 1 5 67 16 8 4 265 15 7 4 209 16 5 6 77 14 3 1 75 2 4 , 419330.25350000034
6 179 17 8 6 66 18 6 6 250 6 7 4 80 14 5 5 209 6 2 5 183 17 7 5 316 20 7 , 461721.56824999856
1 206 4 2 2 223 9 3 3 313 12 4 5 123 15 3 5 68 14 8 1 48 7 8 1 81 19 2 , 361512.46225000167
5 64 10 6 1 99 12 6 3 100 5 4 6 140 8 2 1 75 17 7 1 252 19 8 3 291 18 3 , 431337.3380000017
5 28 15 6 2 247 9 4 2 78 14 1 5 152 20 4 2 281 20 2 3 235 8 2 5 111 8 4 , 408692.48600000364
4 64 18 3 5 287 12 1 4 26 4 1 5 140 18 8 6 187 9 8 4 133 2 1 1 254 15 1 , 383513.2052499999
2 261 11 5 6 85 8 5 1 265 10 7 3 145 6 7 1 23 12 6 4 309 12 6 5 121 16 1 , 341429.7305000005
4 53 7 2 6 138 12 2 2 36 9 1 4 94 17 3 3 67 9 6 2 202 13 7 2 249 14 5 , 375104.4095000001
6 212 10 6 2 65 1 1 1 60 17 1 2 116 19 2 3 233 16 5 1 206 12 7 2 72 9 3 , 384806.15325000003
5 190 11 8 5 102 2 6 2 229 7 2 6 172 19 2 4 126 18 2 2 221 10 6 2 39 16 7 , 421772.7887500002
5 57 10 6 6 230 13 1 2 271 9 1 2 228 1 1 6 240 13 2 3 278 18 7 1 99 7 2 , 316232.5482499995
1 222 18 3 4 138 18 1 3 33 8 7 6 37 15 3 2 179 4 1 3 154 1 4 3 25 15 2 , 438882.6397500015
