3 298 12 2 5 28 14 5 6 24 19 5 3 194 14 4 3 30 17 4 4 187 6 4 2 145 9 5 , 151213.18800000026
4 82 16 5 6 196 17 4 4 210 5 8 5 208 18 3 1 153 18 8 1 56 4 5 6 70 16 2 , 160838.94899999953
6 64 3 4 1 233 9 1 4 22 8 7 2 59 19 8 2 274 13 2 3 159 12 3 6 202 17 2 , 143520.15624999983
1 296 14 7 2 302 11 5 5 255 18 7 1 236 8 8 1 69 4 4 5 231 11 3 3 188 8 4 , 132765.30300000036
2 246 12 4 2 286 7 4 4 43 5 3 5 55 14 8 6 77 10 2 4 171 17 8 2 190 2 8 , 118289.25675000003
5 311 3 8 6 261 4 2 2 97 16 3 5 106 5 1 3 254 19 5 5 148 5 5 2 94 13 3 , 118546.24025000003
6 169 16 1 4 256 16 1 3 187 12 7 3 206 19 3 3 253 8 7 4 61 8 2 2 49 3 7 , 268504.922500001
2 156 20 1 2 225 20 1 2 228 7 4 1 66 15 6 5 291 19 1 2 110 14 6 2 241 19 2 , 271129.9172499991
4 157 14 3 3 311 13 6 3 179 7 7 6 154 20 3 6 44 17 2 1 86 10 3 3 277 20 4 , 191195.98574999973
3 135 6 8 2 35 9 4 5 71 17 1 2 209 4 2 6 72 15 2 1 216 20 5 6 168 1 6 , 133593.0297500003
5 209 4 2 1 202 16 3 6 124 5 5 6 281 6 1 4 294 2 8 5 35 6 3 5 236 4 2 , 85568.89625000002
3 177 20 1 5 174 15 6 4 205 6 3 5 62 15 2 1 58 16 7 3 79 2 1 3 150 7 8 , 198080.0567499998
1 230 15 4 6 301 10 1 5 206 10 5 3 28 12 7 2 309 17 3 6 34 10 2 5 144 10 3 , 153246.1667500006
1 235 2 4 4 232 18 4 5 311 20 5 1 149 2 1 1 236 8 1 5 37 3 2 1 124 3 2 , 114080.17449999969
6 277 11 6 6 130 7 3 1 63 12 2 2 159 13 8 3 46 11 4 4 249 14 3 6 261 11 3 , 154312.47324999966
6 144 8 3 5 61 3 5 4 187 10 5 1 189 16 2 2 169 1 6 5 167 11 7 2 162 10 3 , 117822.57875000004
6 115 10 7 2 105 5 2 4 178 5 5 6 140 1 4 3 302 4 3 1 116 13 8 2 316 12 4 , 96875.1100000001
1 83 20 5 5 116 7 8 3 100 17 4 2 193 5 5 5 179 8 6 6 84 8 8 2 60 5 2 , 143353.93800000052
6 107 20 4 5 85 9 8 5 237 1 4 5 25 7 6 5 20 20 7 5 221 2 4 4 133 7 4 , 135003.12550000014
4 89 15 1 5 259 1 2 2 300 20 2 6 243 9 1 2 252 2 4 3 185 5 6 4 235 12 6 , 136482.69949999952
6 179 11 6 4 284 4 5 1 171 13 3 2 252 20 7 3 233 15 6 5 148 14 5 1 132 5 7 , 171644.28775000048
2 248 9 1 5 21 8 7 3 51 3 8 5 259 2 3 1 70 11 4 4 199 11 7 3 20 17 2 , 134942.50525
5 128 20 6 4 172 4 1 4 286 5 3 5 38 20 2 6 129 20 7 5 232 14 8 1 310 8 3 , 186069.40625000038
3 307 12 2 5 70 12 4 5 259 15 4 1 297 17 4 6 162 19 7 1 80 15 2 4 161 18 1 , 214670.75774999947
6 159 10 2 6 278 13 6 6 212 2 4 4 208 2 1 6 162 8 6 3 214 18 7 4 159 13 4 , 138148.42450000072
3 288 17 6 5 27 19 1 3 63 18 4 4 189 16 5 4 312 2 7 4 37 7 8 5 30 10 5 , 180828.5302500002
3 165 13 5 1 308 14 3 5 90 14 1 2 146 6 7 6 280 12 1 2 60 15 7 6 38 1 7 , 155796.1894999996
6 191 20 4 6 118 18 5 3 250 3 6 6 261 14 6 3 67 14 7 4 166 9 4 5 62 1 5 , 170342.0854999997
2 183 12 1 2 17 13 7 3 164 12 1 5 178 9 4 1 100 6 1 1 101 11 2 2 266 13 5 , 168496.49199999988
5 227 20 5 1 164 18 5 5 304 13 5 1 320 14 7 3 109 16 3 6 63 3 4 4 131 12 6 , 208380.10275000046
4 229 5 4 2 214 1 4 5 243 13 1 1 71 16 8 4 298 5 4 3 178 1 8 5 230 5 3 , 96962.16025000016
3 243 7 1 5 28 17 3 5 59 15 4 5 99 19 4 5 303 18 4 6 156 5 4 6 85 1 4 , 187557.99500000017
4 154 10 4 2 208 5 5 2 139 14 5 3 22 10 1 1 34 9 4 4 197 9 5 5 86 5 6 , 133336.27925
5 107 4 6 4 52 8 6 4 253 19 1 4 132 9 1 3 228 18 4 1 174 15 7 6 205 4 8 , 165814.3907500007
2 36 19 5 2 135 15 1 1 270 16 3 4 244 3 4 2 296 6 4 1 66 20 7 1 106 16 3 , 202857.35000000012
2 231 20 5 5 161 19 5 3 203 7 5 5 207 10 2 4 34 10 1 5 212 10 5 5 90 18 4 , 205758.10349999962
2 94 14 3 6 205 20 2 6 226 19 3 3 119 6 4 6 39 20 1 6 63 1 3 5 95 10 4 , 194563.66849999956
3 209 11 3 2 122 18 3 4 264 10 5 4 153 7 3 1 154 8 6 2 57 7 1 2 45 12 6 , 164050.48800000007
1 185 1 6 3 215 3 4 5 73 17 8 6 124 1 4 1 201 5 2 5 21 7 5 6 59 13 5 , 98738.88975000003
5 221 14 2 4 183 20 8 5 245 11 7 1 204 17 6 3 221 12 8 2 178 15 4 3 30 10 5 , 225633.03225000118
5 252 12 5 3 63 3 6 6 278 13 4 6 104 12 6 3 246 13 1 5 121 12 1 4 131 6 1 , 168770.89450000014
2 80 7 6 2 187 7 1 6 302 18 8 1 20 16 7 1 155 10 3 3 29 8 8 5 251 5 1 , 163935.29425000012
2 289 2 8 4 277 18 6 6 164 16 5 5 174 8 3 6 165 20 7 2 274 8 4 1 146 16 5 , 206318.40500000058
5 106 7 2 6 285 2 6 4 110 18 6 5 190 16 4 5 286 14 3 3 39 5 6 5 217 10 4 , 166979.87874999948
1 310 2 6 2 122 9 4 6 134 1 6 6 70 15 8 4 36 13 4 5 302 18 1 4 279 15 5 , 166476.86449999968
1 214 19 5 2 177 19 2 3 45 7 1 5 51 6 3 2 300 11 8 3 156 3 6 3 115 5 3 , 158064.66199999995
6 87 10 3 3 276 16 7 4 315 19 3 2 72 5 2 3 75 10 5 4 151 13 5 2 225 12 8 , 221229.6862499999
5 232 20 6 2 52 2 2 5 156 11 7 2 67 12 1 6 94 3 1 2 179 10 4 6 289 18 2 , 188533.05424999978
4 201 19 7 1 140 17 3 3 206 8 4 6 286 11 3 5 286 3 7 6 196 3 2 3 183 8 4 , 167624.44700000001
3 126 15 1 2 198 10 2 4 251 3 1 4 162 15 3 2 317 14 4 3 18 4 8 4 57 19 5 , 209574.6265000003
2 105 11 6 4 43 10 5 6 254 12 6 1 184 8 4 2 137 11 2 4 291 4 7 4 286 16 8 , 198099.56899999958
6 98 10 2 6 305 14 2 4 210 8 3 2 18 13 3 5 194 12 7 3 265 13 2 6 232 7 3 , 180541.31249999988
5 252 13 2 3 53 13 1 6 311 19 2 3 119 6 1 3 318 13 7 4 78 8 3 1 32 9 1 , 202257.06475000063
1 68 7 6 3 181 14 6 6 266 15 6 2 192 3 7 1 310 18 1 2 312 6 8 2 118 3 4 , 157124.2487499998
3 281 4 5 5 114 6 8 4 256 3 8 2 175 6 4 6 128 10 2 6 81 16 1 3 290 8 7 , 122763.68474999984
6 116 5 5 5 18 20 6 2 251 9 1 5 287 13 7 1 245 18 6 5 165 2 7 1 162 19 4 , 223293.23250000004
3 184 10 1 4 104 4 6 2 49 8 8 6 84 5 2 4 206 7 2 2 183 18 4 6 79 3 3 , 150009.6229999997
3 278 9 8 1 256 3 7 4 70 4 8 3 296 10 5 6 32 20 2 1 279 16 8 1 156 4 7 , 175453.85125000012
2 247 10 2 3 152 1 3 5 221 1 1 1 119 2 5 6 54 6 7 6 65 20 2 4 187 7 7 , 125840.08099999982
5 90 2 8 4 54 16 1 1 191 4 7 5 99 19 8 2 214 8 8 2 262 14 6 1 220 20 4 , 217460.81899999996
1 241 15 2 1 76 16 8 3 198 8 5 3 141 15 8 6 61 18 4 6 301 10 1 2 123 10 1 , 233567.22624999977
2 118 16 7 3 226 5 6 1 73 6 7 2 209 17 2 6 290 11 2 5 184 8 4 4 32 15 2 , 195604.92775000073
6 286 14 6 5 151 6 5 3 268 3 6 1 184 8 7 5 311 15 1 6 263 11 2 3 20 18 4 , 191597.7402499998
3 149 2 7 6 274 12 2 4 40 10 3 1 116 4 3 1 257 16 6 6 69 7 6 3 81 5 8 , 154278.68575000024
5 271 15 2 4 239 9 3 1 134 3 1 2 219 18 1 4 173 18 3 5 34 7 2 4 198 12 3 , 210975.6520000003
6 70 20 2 2 283 14 8 5 145 9 4 2 209 2 4 3 69 1 4 4 119 11 2 6 250 15 3 , 197554.5344999999
6 148 14 6 4 108 17 7 2 132 1 5 5 304 10 4 1 280 2 3 2 130 3 3 2 272 18 6 , 181269.50975000006
5 26 19 2 2 173 9 2 6 263 17 7 4 277 8 1 2 275 13 4 2 189 18 3 4 109 13 8 , 266807.7874999997
5 154 7 5 4 271 2 6 2 139 17 3 5 148 18 5 3 288 1 1 6 66 16 1 2 253 20 1 , 218134.75950000033
4 166 17 1 4 241 7 5 3 198 3 6 1 109 17 5 6 220 14 2 1 210 4 5 3 278 19 2 , 272103.92449999996
1 126 19 3 5 290 6 5 5 18 1 6 4 251 13 3 6 287 8 6 6 275 9 7 5 36 11 5 , 189069.2292499999
6 298 9 4 4 166 3 5 1 149 12 5 2 257 20 5 3 215 1 7 3 206 8 4 3 283 3 6 , 165506.12049999984
3 30 11 8 1 66 10 7 3 157 14 1 1 216 19 6 1 195 14 8 2 167 13 5 2 164 12 3 , 239556.3430000005
5 305 18 5 3 153 7 6 2 250 19 3 5 130 16 6 5 27 14 7 1 193 7 3 2 120 14 7 , 258262.94250000012
1 261 5 7 4 298 18 6 2 117 5 6 5 51 2 6 1 98 4 2 3 27 5 8 4 35 10 7 , 136151.22525000008
1 256 15 3 4 258 6 7 1 64 6 7 1 313 8 5 5 157 3 7 4 98 19 2 6 183 13 5 , 191340.08174999914
3 55 5 7 4 175 11 4 4 120 20 6 2 224 14 1 3 296 1 3 5 183 7 2 1 56 6 8 , 176850.73574999924
1 285 18 5 4 290 6 5 4 240 12 7 4 296 7 3 6 207 5 5 6 165 4 5 6 268 17 5 , 185596.64650000015
3 287 15 5 1 131 14 7 4 209 1 2 5 111 8 7 1 152 14 2 1 232 13 7 1 131 12 7 , 224524.90149999986
4 38 4 6 3 104 10 8 3 102 12 8 1 155 1 7 2 56 18 3 3 250 20 6 2 180 8 7 , 224167.22349999927
2 192 7 7 2 78 9 7 3 187 5 8 2 268 8 1 4 278 4 8 5 186 11 3 1 195 6 8 , 156299.62
6 243 17 1 6 121 16 7 6 160 4 7 4 185 9 5 4 110 3 1 6 137 1 5 4 174 1 3 , 239518.47725000035
5 294 20 1 6 66 6 7 1 235 12 6 2 29 7 1 1 222 18 1 3 202 11 6 6 150 6 5 , 364294.00849999953
2 301 5 3 6 51 20 8 6 104 20 6 5 217 18 1 2 260 9 7 6 50 19 7 6 115 13 5 , 303259.02999999875
3 319 10 8 1 90 12 6 5 141 5 7 6 131 8 2 5 148 15 1 2 55 8 5 4 113 4 2 , 185600.60575000022
2 215 14 8 5 28 2 2 3 243 2 4 4 54 10 3 4 101 16 6 6 294 8 8 4 263 17 2 , 201427.19025000028
1 231 13 4 4 230 12 3 5 54 13 6 6 208 4 8 5 268 15 3 2 156 12 7 4 230 18 8 , 296120.10449999967
6 123 20 5 1 84 2 4 3 236 9 3 4 152 6 1 2 56 18 8 2 186 2 4 1 89 1 2 , 182498.43575
2 260 16 6 4 253 12 6 5 255 4 3 2 135 5 6 5 100 4 1 2 65 11 6 6 129 17 1 , 215173.21675000055
1 23 16 2 1 29 1 2 4 117 4 4 1 36 13 4 2 274 16 6 2 115 16 6 1 158 16 1 , 256492.2912499998
6 219 15 4 4 130 13 1 5 282 19 6 3 114 3 2 2 280 4 7 1 177 8 3 1 154 15 6 , 228319.80174999955
3 298 5 2 2 145 3 5 6 316 7 1 2 141 11 4 2 17 18 8 2 234 14 4 3 129 1 4 , 188014.48124999984
5 232 1 1 5 227 5 1 1 218 6 6 6 220 19 3 4 41 19 8 3 218 14 3 5 73 16 7 , 250205.92049999963
3 48 15 7 4 302 14 1 5 245 4 4 5 129 10 7 2 107 2 5 5 268 8 6 3 44 12 1 , 198239.91325000033
2 147 16 1 6 262 15 3 4 99 8 1 1 240 4 4 4 224 15 1 1 300 7 6 6 61 17 4 , 289566.7667499992
1 18 1 8 5 249 8 4 1 161 12 4 2 98 7 5 1 43 13 1 4 264 7 5 4 236 14 6 , 190720.64874999993
1 56 9 7 5 66 11 5 4 180 7 1 4 316 2 7 4 236 5 8 1 214 1 5 1 59 6 4 , 147997.51049999986
2 189 16 5 4 311 8 6 2 215 12 1 6 77 17 2 1 190 20 2 6 161 2 6 5 277 12 7 , 293467.43224999995
2 240 5 6 4 275 7 8 1 218 19 7 4 230 20 7 6 231 1 5 4 261 5 1 1 296 17 2 , 227613.3872500009
5 127 16 4 5 116 14 1 2 18 1 3 1 292 8 4 5 154 8 8 6 180 20 5 3 268 18 7 , 283490.89700000046
