5 69 12 7 3 68 8 2 1 122 16 7 6 44 10 3 1 296 13 2 2 217 18 6 6 316 10 4 , 155258.43524999957
3 221 5 8 6 166 11 6 1 267 16 8 2 122 14 2 5 187 6 1 2 144 17 3 1 239 15 7 , 144892.30474999995
5 202 6 7 3 297 9 2 1 80 11 6 1 146 2 1 4 261 1 8 3 294 16 7 6 273 11 7 , 109515.66425000035
1 154 18 2 4 130 4 5 4 316 18 1 5 208 1 5 1 199 6 4 1 213 11 3 1 44 10 1 , 126770.38150000016
1 218 15 5 2 240 6 4 1 195 12 1 3 316 7 6 5 248 2 5 5 139 4 3 5 46 11 8 , 114876.79324999957
3 116 13 5 1 85 18 1 3 304 20 5 4 35 14 1 6 155 7 6 2 231 15 6 1 284 13 7 , 183847.52275000088
4 46 16 4 5 271 1 3 1 239 7 3 5 129 14 7 3 57 11 1 2 16 15 6 4 115 17 3 , 149915.51399999997
1 224 17 4 4 110 12 3 2 298 13 6 5 199 16 4 2 73 11 6 1 177 7 7 1 148 12 1 , 168033.51799999963
5 74 13 2 4 122 17 5 6 236 19 3 6 306 6 6 2 283 7 8 2 251 7 4 5 163 10 4 , 166660.11500000008
1 89 13 7 2 275 13 4 6 307 5 5 3 306 3 4 3 268 6 7 5 198 19 5 4 302 20 3 , 159232.04424999998
2 187 2 2 2 287 12 4 2 130 12 6 5 241 5 1 6 155 16 3 3 88 16 5 6 187 5 8 , 147534.13599999962
6 237 17 6 2 102 12 6 5 101 18 8 3 235 1 6 5 174 8 7 2 109 12 4 4 83 10 5 , 172185.22624999937
2 218 1 1 6 311 4 4 4 22 10 5 1 267 4 4 4 179 15 6 2 302 15 1 4 213 1 5 , 115897.96900000019
1 306 4 4 1 267 17 3 5 77 2 2 2 264 11 5 2 239 14 4 2 261 15 3 3 120 3 8 , 171364.37249999956
6 46 16 2 3 310 16 4 5 68 17 3 5 51 10 5 4 256 17 3 4 314 5 2 5 260 20 5 , 246837.18475000001
3 249 5 8 1 236 1 6 1 302 7 6 4 316 11 3 1 27 4 6 2 209 6 2 6 41 4 5 , 98766.77050000016
5 118 13 6 5 288 7 7 3 275 7 5 6 54 3 4 4 139 13 6 1 22 7 8 4 263 14 6 , 167397.26174999945
5 71 10 7 2 72 19 7 3 267 5 5 2 184 3 8 3 148 15 8 4 132 12 4 1 306 17 2 , 216148.10749999908
4 110 2 4 2 230 3 8 4 238 10 4 2 262 1 6 5 227 13 8 5 320 20 4 1 74 13 5 , 165726.04050000015
2 172 7 2 5 195 14 1 2 37 20 7 2 211 11 6 2 317 13 5 1 239 17 2 2 62 20 8 , 240215.0080000008
3 74 5 2 2 61 8 3 3 18 2 6 3 308 20 7 6 127 15 1 6 319 4 6 5 320 3 1 , 114460.6719999999
3 33 12 7 1 217 3 1 5 184 5 8 1 303 18 6 5 247 4 7 5 247 8 7 1 173 18 2 , 133606.76450000005
3 316 5 8 1 181 4 3 4 153 10 3 1 140 18 6 3 84 12 5 5 33 18 6 3 300 20 4 , 183202.96099999972
4 39 8 8 5 174 1 3 5 213 15 1 1 154 10 2 4 31 3 2 5 191 14 5 6 306 16 2 , 137849.61100000003
3 139 19 3 5 130 2 3 3 104 16 1 5 280 7 5 1 282 19 8 4 207 13 5 3 292 3 2 , 174323.06950000007
3 192 1 2 5 144 8 2 1 42 11 3 6 139 13 4 4 257 3 3 4 224 17 8 6 189 19 3 , 152828.18550000025
2 233 13 6 3 97 15 1 1 99 6 5 1 226 18 6 6 312 5 4 5 111 17 2 5 208 5 1 , 182559.82599999956
6 182 20 7 2 243 5 4 5 75 13 8 6 170 19 5 4 280 5 1 5 31 5 3 6 263 8 1 , 156261.08350000027
6 244 9 1 1 274 10 2 2 248 14 8 3 43 16 5 5 50 14 7 1 274 16 1 1 296 16 6 , 290475.7252499997
4 290 13 8 6 108 4 2 2 275 16 3 4 265 8 8 5 62 1 3 6 137 3 6 1 25 5 2 , 121306.44100000034
5 299 18 2 2 38 18 5 5 118 1 7 4 185 9 8 6 41 7 7 1 97 7 6 6 229 17 7 , 183729.17674999963
2 230 20 8 3 235 19 7 2 216 4 8 6 228 12 7 2 131 2 3 6 299 14 5 3 230 18 3 , 230619.1537499992
4 174 11 6 5 289 6 5 6 216 11 2 1 218 9 1 2 86 11 7 1 53 20 4 4 279 17 5 , 203290.96200000128
3 121 3 3 3 22 7 2 5 93 18 4 1 160 3 7 3 119 20 3 4 114 6 3 2 42 14 6 , 159576.7014999998
6 99 11 4 4 35 2 4 6 284 17 2 4 205 8 4 2 84 13 6 1 300 15 3 6 61 19 8 , 197708.23174999945
2 166 12 5 3 48 6 5 5 100 5 8 5 210 12 6 1 41 1 6 5 199 18 6 5 63 10 2 , 168014.28475000005
4 222 16 3 5 225 1 7 5 200 12 8 2 44 8 4 6 112 20 4 2 274 16 1 6 280 16 5 , 248989.80424999987
4 114 6 2 4 153 7 5 3 55 4 4 4 147 2 2 4 65 14 4 1 305 1 6 3 230 5 7 , 104576.02100000012
2 284 9 4 5 177 11 7 2 160 18 7 1 316 6 4 2 249 20 2 5 53 13 4 5 29 15 6 , 218897.84100000098
6 129 20 6 4 17 1 4 1 175 7 5 3 204 19 1 1 86 4 2 4 161 9 3 4 169 19 5 , 205364.6512499999
5 199 20 2 4 84 3 2 3 87 18 2 2 160 16 6 5 21 4 7 3 112 13 5 6 16 10 6 , 186025.30274999968
1 254 11 3 5 96 6 4 3 237 17 5 4 265 3 4 2 296 7 6 2 78 8 7 1 17 6 5 , 137006.91874999992
6 272 10 6 4 97 6 5 1 98 17 7 2 45 10 2 3 296 16 8 1 60 3 2 2 56 17 6 , 165408.1365000002
3 280 6 2 5 88 6 2 6 113 1 4 2 291 16 2 6 98 3 7 6 293 1 3 1 311 6 8 , 82065.36525000009
2 263 7 7 3 23 17 8 5 126 1 1 2 118 18 5 1 83 17 5 5 197 8 7 5 82 4 6 , 157135.1877500004
5 138 5 8 6 246 19 1 2 39 12 7 4 132 12 2 2 167 2 7 1 105 10 7 3 100 5 7 , 173001.9954999995
3 102 18 8 5 101 10 3 3 224 19 5 2 260 17 3 2 153 19 2 2 296 10 1 6 230 8 4 , 228589.5187500001
5 24 8 4 4 193 17 6 2 129 2 7 4 149 7 1 4 230 7 5 5 238 14 3 6 287 2 8 , 129366.34625000008
4 232 10 6 5 87 6 3 1 269 11 7 6 314 13 4 4 293 7 5 1 40 11 1 3 168 20 7 , 187096.89275000035
3 302 2 4 5 318 19 3 6 88 10 6 4 32 8 2 2 84 7 4 3 243 15 8 5 305 7 8 , 150246.36975000027
4 230 11 2 1 116 20 5 6 127 10 8 3 31 1 7 1 140 8 1 5 238 4 8 4 183 8 8 , 149699.46450000032
3 134 9 2 2 227 10 4 4 34 8 7 2 292 5 7 6 305 1 7 6 285 12 3 6 226 5 6 , 129856.3909999998
1 207 1 4 4 63 11 2 6 274 4 1 6 310 7 3 6 184 5 6 3 274 5 5 2 174 5 6 , 92314.95525000006
5 133 20 2 4 309 11 2 6 235 11 8 3 49 3 4 5 261 9 3 1 273 10 5 4 158 18 3 , 189338.26575000063
1 32 14 7 2 140 12 2 3 192 14 8 1 55 5 6 5 51 8 4 6 48 7 7 2 137 9 8 , 151937.6134999998
3 59 9 1 6 173 2 8 1 237 1 2 3 121 7 1 3 303 13 8 2 92 2 3 5 110 17 6 , 130945.94774999985
5 71 18 8 5 307 11 8 2 253 1 7 4 221 16 3 4 285 5 1 6 235 20 5 4 229 15 3 , 203896.7537499998
5 166 17 4 4 50 20 1 6 224 2 2 3 53 3 7 6 31 12 7 6 105 9 3 3 319 13 2 , 198957.81450000012
6 267 6 3 5 119 19 3 5 292 20 2 6 234 7 6 2 204 8 7 4 228 13 3 6 25 14 1 , 203270.2782500006
5 153 11 1 6 235 8 4 6 59 10 5 1 281 20 4 3 184 8 3 6 192 17 2 2 320 9 6 , 231586.32749999996
6 261 20 2 1 23 12 8 1 147 10 2 1 316 17 4 4 140 5 8 6 275 9 7 3 288 9 1 , 216687.07675000047
6 273 3 7 1 86 15 1 4 167 19 1 5 108 12 2 4 277 15 2 4 168 8 3 6 165 14 1 , 181969.5269999993
3 99 9 4 6 124 6 1 4 110 5 1 2 154 3 8 4 161 6 1 2 74 5 7 3 187 4 4 , 82125.16099999993
6 144 13 5 4 100 2 2 5 16 3 4 1 115 13 2 6 215 5 3 1 258 14 5 4 126 11 4 , 130217.94449999991
6 179 5 8 1 189 3 7 2 240 11 1 5 112 15 5 3 75 5 7 5 110 11 5 1 129 13 3 , 129611.44350000052
5 120 11 8 1 53 11 3 5 147 19 4 2 265 2 3 3 145 8 1 3 94 2 3 1 247 12 2 , 132078.17975000004
1 45 12 7 3 83 18 1 1 108 6 2 3 106 4 2 2 102 11 8 4 67 9 5 5 215 20 4 , 188862.4254999992
5 184 20 8 2 301 6 4 1 115 16 3 3 183 18 1 6 227 16 6 1 273 18 8 2 93 4 6 , 213464.1527499996
6 289 19 8 6 27 16 5 4 246 12 1 2 141 12 5 6 152 2 6 1 320 5 5 1 265 12 2 , 167742.36149999965
6 236 13 8 3 193 16 1 1 124 14 5 1 288 17 7 2 130 6 2 5 187 14 5 2 79 9 8 , 217282.74700000018
6 27 12 6 5 225 19 7 3 223 8 6 4 130 17 2 2 78 2 6 4 141 11 1 5 156 6 1 , 178647.21250000087
2 107 2 4 4 298 11 3 6 45 7 2 3 118 1 1 3 293 20 1 1 266 10 3 2 97 18 1 , 224387.2087500001
5 229 12 3 3 266 20 7 5 120 6 1 4 174 8 4 1 207 7 5 5 121 13 8 4 113 7 2 , 168416.77849999917
5 179 12 8 5 154 12 4 3 184 12 2 6 225 10 1 1 139 11 8 6 212 10 8 4 299 20 5 , 192791.8809999991
4 280 4 5 3 149 10 5 5 76 4 2 6 166 15 3 5 286 2 1 5 217 20 1 6 218 6 1 , 163735.38399999973
6 218 2 8 6 202 4 1 4 297 7 7 5 102 16 8 2 298 11 5 4 82 3 6 6 270 5 1 , 120391.98675000036
1 300 4 2 3 179 5 2 1 49 5 1 3 30 5 2 6 72 8 5 3 59 3 8 6 185 5 8 , 93106.28199999995
3 24 20 6 5 281 15 2 1 287 1 4 6 74 17 6 6 320 20 5 4 136 17 2 5 199 19 4 , 264228.4794999993
5 233 19 7 6 33 11 5 6 226 3 8 2 314 19 5 5 319 7 2 3 166 8 6 3 229 1 1 , 165479.82375000027
4 86 9 3 2 319 14 5 5 143 3 8 6 205 7 1 3 73 4 2 2 240 2 1 5 288 8 5 , 130742.6685000002
3 212 10 4 6 69 10 7 5 49 18 8 1 88 5 1 6 257 13 6 3 195 8 1 6 176 9 6 , 146259.22324999986
1 309 1 4 3 299 19 6 2 274 3 1 1 67 5 1 1 207 16 5 4 92 2 1 2 291 2 8 , 106734.9212499999
4 148 19 8 2 297 9 6 5 189 3 4 3 38 18 6 1 209 4 3 1 306 9 8 3 239 15 4 , 170970.18075
6 224 9 2 6 80 7 7 5 175 7 5 6 268 4 4 2 191 7 6 4 245 3 3 1 314 3 1 , 97061.32299999995
4 52 17 7 6 162 11 3 5 35 17 7 1 212 6 6 3 303 7 8 3 229 8 5 2 209 19 2 , 179628.53574999943
5 169 7 3 2 182 9 8 5 164 2 8 2 246 14 3 5 176 6 4 2 295 4 3 2 83 6 5 , 100994.89300000004
5 217 2 7 4 222 4 7 6 315 15 6 3 98 4 6 2 37 13 1 6 169 11 6 6 38 18 4 , 153931.21599999967
4 186 19 6 5 157 3 5 2 169 3 8 4 79 16 6 1 184 9 3 1 245 15 2 2 35 12 7 , 152400.21900000022
3 185 12 2 2 249 1 4 3 203 4 7 3 73 14 1 3 316 1 5 1 234 4 2 1 162 12 6 , 120926.19175000006
2 202 18 1 3 36 8 3 2 255 20 5 1 43 9 3 1 240 10 6 4 182 19 5 5 142 13 3 , 286224.4580000006
5 38 3 7 3 103 2 8 4 122 4 7 2 116 13 5 4 230 16 7 6 279 13 7 1 252 11 2 , 140556.31299999994
2 242 6 8 5 105 4 6 4 177 16 2 3 100 20 6 3 285 17 5 2 175 3 1 1 267 11 2 , 177902.73274999953
5 38 3 2 2 144 10 6 1 110 15 7 3 33 15 5 5 240 10 6 5 264 18 6 2 149 4 8 , 185798.8560000006
2 178 15 8 2 67 16 4 6 255 11 5 3 160 5 7 1 69 1 3 4 241 8 7 1 82 13 3 , 171159.7629999994
2 48 18 8 5 194 13 5 5 216 17 8 5 174 16 5 5 194 6 8 6 317 14 3 2 93 8 5 , 232242.26924999955
3 76 8 5 2 79 8 1 1 193 10 2 1 206 18 3 2 262 15 8 2 235 11 5 2 111 6 7 , 182202.3002499992
6 149 12 3 5 277 4 4 3 278 6 8 1 42 18 6 1 33 5 3 6 164 7 2 2 162 4 5 , 232883.25824999978
4 19 5 7 4 27 2 8 3 123 8 4 5 24 9 5 4 149 9 3 4 82 1 2 2 100 20 6 , 123698.6477499998
5 25 9 4 5 75 16 1 5 217 4 3 4 69 2 7 2 314 9 8 5 118 3 2 5 258 2 3 , 111297.91899999989
5 71 13 1 2 40 5 5 3 209 16 8 1 278 8 1 4 274 18 6 6 64 17 4 3 82 3 1 , 230303.73350000085
2 241 8 1 1 246 19 4 6 305 12 5 6 245 10 2 3 153 6 5 6 299 18 5 3 285 20 2 , 206231.1269999987
5 259 3 6 2 185 4 7 2 171 5 7 5 297 4 4 2 192 19 8 1 159 9 6 4 272 2 1 , 93364.86475000023
1 130 3 4 4 20 14 4 1 238 13 4 5 112 1 6 5 84 20 5 5 127 19 4 6 196 13 7 , 186000.7992500008
5 167 11 6 6 196 5 5 3 29 13 8 4 281 9 1 5 162 16 6 1 167 17 7 5 216 15 8 , 225917.0442499998
4 255 4 1 3 98 14 8 5 128 14 8 6 109 16 3 5 182 10 4 1 34 14 5 2 90 14 8 , 198610.423249999
3 139 16 8 1 142 8 3 6 180 14 3 2 132 6 4 5 221 16 6 5 76 17 6 5 254 17 1 , 216878.4460000003
2 299 7 3 3 257 19 5 6 193 8 8 2 175 6 2 1 56 6 4 6 191 9 7 2 197 19 2 , 158598.12099999978
6 134 19 3 1 199 10 1 6 150 19 8 5 154 12 7 2 209 11 7 2 295 13 2 3 245 9 5 , 217820.00000000087
3 267 6 6 3 61 7 3 5 222 3 8 5 244 13 3 4 270 14 5 6 193 5 7 1 236 10 1 , 127210.24575000005
4 162 18 1 3 259 19 8 2 115 15 6 6 168 10 4 2 76 17 6 2 68 16 6 2 298 17 1 , 355319.4269999985
3 253 14 3 6 144 14 3 1 239 13 2 4 141 17 5 4 204 2 8 5 268 9 4 5 251 16 6 , 215984.33950000053
6 54 9 7 2 285 6 8 1 117 12 1 5 24 3 8 5 275 11 6 4 114 2 5 4 119 14 6 , 135625.5432499998
2 301 7 5 4 139 20 2 3 127 20 3 5 173 10 2 4 104 2 8 4 214 10 8 6 256 5 3 , 199286.040749999
1 26 4 6 3 130 15 4 4 132 1 7 6 305 6 2 4 226 19 4 2 126 3 7 5 113 19 2 , 194505.17300000036
4 291 5 1 2 128 9 5 3 213 11 6 3 270 11 4 4 299 7 6 4 227 5 7 2 70 8 8 , 148268.38475000008
4 217 12 5 3 301 4 3 5 56 7 4 4 31 11 6 1 128 7 7 3 157 2 3 4 272 9 2 , 128324.96699999947
1 119 1 2 1 299 12 5 4 62 20 1 3 167 5 2 3 229 13 1 5 302 20 1 2 279 7 1 , 188249.8032500005
2 35 13 1 2 180 18 1 4 204 15 5 6 160 20 2 2 224 20 8 2 283 4 8 3 43 6 1 , 275690.19225000095
1 42 12 7 5 78 6 1 1 138 7 4 6 132 12 8 1 241 14 3 2 71 1 3 4 146 6 6 , 143971.81150000007
1 62 18 1 6 160 5 4 4 151 7 8 2 218 17 4 3 195 3 6 6 235 15 1 5 118 20 1 , 216225.10674999916
3 170 13 7 6 46 9 4 3 184 1 7 3 252 18 5 6 218 14 5 6 56 9 1 4 180 6 4 , 157158.6487499993
1 42 8 8 5 70 7 8 6 245 15 7 6 131 11 6 5 186 16 1 6 74 17 2 4 167 9 6 , 169380.96224999998
5 202 17 4 5 213 16 3 1 33 11 3 6 222 9 7 6 118 5 2 3 64 2 5 1 241 7 6 , 156796.16324999902
3 309 14 1 4 192 12 8 6 169 3 2 3 215 12 1 1 85 10 1 2 49 15 1 4 198 3 7 , 272676.22049999965
5 176 14 6 1 115 10 1 6 30 17 7 4 71 11 2 2 256 4 1 3 244 6 7 6 115 11 2 , 159455.9805
2 124 7 4 2 212 14 7 5 245 18 5 5 177 5 2 6 39 13 1 3 267 10 6 2 278 15 3 , 189211.30200000046
5 268 20 2 1 61 2 1 1 270 16 4 6 257 14 6 1 315 11 6 2 34 19 1 3 57 6 7 , 228403.32150000014
2 176 16 3 3 291 3 8 6 121 15 5 2 34 11 5 1 87 3 3 3 203 15 4 5 83 19 7 , 176491.91699999943
6 206 8 4 2 159 11 4 3 233 9 4 5 16 1 6 3 212 6 5 3 32 7 2 1 260 16 1 , 134156.9977500001
5 215 5 6 1 242 5 8 5 224 16 4 1 109 7 2 6 290 13 8 2 20 15 4 3 123 17 3 , 197461.53074999945
4 154 11 3 4 66 11 3 4 179 5 2 5 237 6 5 2 63 14 6 2 268 7 4 6 145 8 2 , 154181.76425000074
2 214 9 2 3 123 9 6 6 72 11 8 3 180 16 4 4 172 6 5 3 154 7 8 4 271 19 5 , 192213.53625000044
3 153 14 7 4 148 15 5 5 274 13 4 5 122 20 7 4 50 18 1 1 155 14 6 5 143 10 8 , 252037.72824999943
1 153 14 5 4 24 5 8 3 64 5 2 6 24 19 8 6 57 8 1 6 201 18 7 4 207 17 4 , 218553.50575000033
2 28 8 3 6 144 3 6 5 155 7 4 1 228 2 4 2 78 20 1 4 142 20 5 6 270 13 6 , 190855.39425000089
1 59 7 3 3 144 17 8 1 111 1 6 5 303 11 4 4 174 1 1 6 42 4 2 2 23 6 1 , 113103.36399999988
1 114 2 6 2 276 8 4 1 65 14 3 6 35 12 4 6 211 1 7 2 189 6 8 2 122 6 2 , 123911.39200000021
1 167 14 5 5 145 14 3 4 160 8 1 5 216 1 1 1 59 1 4 1 51 10 8 5 134 12 4 , 151739.7687499995
3 118 13 8 3 168 4 2 2 253 17 3 4 20 18 6 3 271 2 2 5 92 19 3 4 318 7 6 , 193842.2987499999
4 307 17 2 2 98 20 7 4 170 7 5 6 243 6 3 6 145 16 1 6 288 4 2 5 293 2 2 , 187053.8262499999
6 149 20 6 4 83 7 4 1 93 16 4 2 30 9 5 5 203 8 7 3 16 14 4 1 247 1 2 , 148803.41549999997
2 289 3 2 6 65 15 3 6 94 20 8 6 74 19 1 5 83 12 4 4 66 10 6 6 212 18 8 , 213137.8939999999
5 35 1 7 4 298 20 5 6 189 16 3 6 166 9 6 5 238 15 7 1 163 6 8 3 248 4 5 , 148933.86600000013
6 254 1 3 1 67 16 3 1 232 17 2 1 302 4 7 6 212 2 2 3 18 4 3 2 109 4 3 , 99359.47149999993
4 100 9 4 2 283 14 1 5 24 17 2 1 293 1 1 6 276 17 6 1 63 7 1 1 18 2 6 , 140602.04250000019
6 16 9 3 3 105 5 7 4 33 13 7 3 221 6 8 2 203 8 1 5 285 11 3 6 285 13 7 , 157934.67024999973
6 32 10 3 1 94 11 1 2 78 6 1 6 134 15 4 4 121 19 7 4 51 15 6 2 188 11 1 , 214950.06450000056
4 289 17 1 3 20 10 7 6 195 9 7 1 274 1 1 2 319 1 5 2 208 19 3 2 248 3 6 , 338446.08325
5 114 13 5 4 120 6 2 6 245 6 7 3 194 20 6 6 187 11 7 4 201 1 8 6 303 9 2 , 143565.64450000014
5 211 11 7 1 18 3 2 5 118 4 5 1 254 20 7 6 117 18 7 1 17 12 8 3 120 9 2 , 173828.38774999994
2 251 14 8 1 85 3 5 5 75 1 6 4 56 13 6 5 246 14 7 1 250 18 5 6 289 16 3 , 190891.6175
3 126 15 6 4 30 10 2 1 53 11 7 3 82 12 4 5 175 15 1 5 124 12 6 4 123 18 5 , 221957.37975000025
3 318 10 5 3 193 9 1 1 71 16 2 5 38 4 7 6 156 18 6 6 313 7 3 4 286 20 5 , 259709.53749999893
3 83 13 6 5 30 14 8 4 156 19 5 2 237 12 1 4 106 11 2 5 263 15 1 5 287 3 3 , 227993.7117499987
3 281 8 7 2 168 18 3 2 286 8 8 4 288 16 3 3 306 3 6 5 320 16 5 5 82 2 2 , 185486.14949999994
6 23 3 1 1 302 19 4 3 19 8 1 2 214 5 4 6 240 15 7 1 141 3 1 4 318 14 1 , 173235.7699999995
5 24 15 8 6 292 20 3 3 225 9 5 1 49 3 4 2 60 4 8 1 54 6 2 3 278 19 1 , 206091.5695
1 261 19 7 3 190 11 3 6 167 17 1 5 45 9 5 6 188 13 1 2 284 8 1 1 244 16 6 , 254297.94075000024
5 178 8 2 4 37 18 2 1 313 8 2 4 304 13 3 4 85 10 1 6 271 2 8 2 184 10 8 , 163858.2067499999
6 278 11 1 3 219 16 6 3 315 1 5 1 247 16 5 6 237 5 4 4 123 1 7 3 166 18 6 , 291068.4172499998
1 147 20 8 2 70 20 2 6 76 3 8 1 141 9 5 6 319 2 3 6 48 18 2 6 129 17 5 , 168575.12224999967
6 278 18 6 2 39 16 2 4 92 5 4 3 17 3 1 2 23 16 6 4 213 9 7 6 208 20 3 , 213954.29774999912
5 268 13 6 5 170 17 1 3 60 10 7 4 215 18 2 4 229 16 8 4 109 9 1 3 20 20 7 , 233255.26300000047
3 52 12 8 4 317 10 5 1 131 15 3 5 132 2 3 4 209 16 6 5 233 15 7 6 291 20 7 , 228742.32825000063
3 257 12 7 1 36 8 2 6 67 20 8 5 264 11 6 4 28 18 6 1 49 2 3 6 230 3 4 , 174410.25000000003
3 38 8 4 2 318 10 6 5 246 12 5 5 239 13 1 2 108 6 7 3 48 11 8 5 54 9 7 , 168992.1637500001
3 132 13 3 6 17 5 5 3 51 19 1 1 295 14 5 3 320 10 5 5 280 16 1 3 289 6 6 , 189483.4087499995
5 304 5 1 5 210 1 7 4 269 10 2 5 181 9 4 5 157 16 6 2 300 9 8 3 185 1 3 , 156355.02249999996
1 292 18 2 6 128 18 1 6 47 20 1 4 264 15 2 3 307 14 4 2 38 19 3 3 103 16 6 , 275347.18924999936
2 243 6 6 2 315 2 4 4 62 7 7 3 36 9 5 4 231 1 5 6 107 18 4 5 288 9 2 , 120228.12074999986
2 142 11 2 1 225 6 7 1 59 17 1 3 194 14 7 5 104 6 4 1 316 11 8 2 208 13 8 , 194799.49200000038
4 293 17 7 1 138 14 7 6 176 18 7 4 144 18 6 1 284 13 1 5 41 15 2 5 293 18 8 , 272109.12275000155
5 51 14 3 5 272 5 3 5 191 12 3 2 60 8 4 1 199 4 2 4 260 13 6 2 69 6 7 , 175190.8944999996
1 202 9 5 4 233 16 1 1 31 6 4 5 194 13 6 2 90 17 3 2 32 20 7 4 27 12 7 , 210114.13075000007
1 250 17 2 6 290 10 5 1 94 7 6 5 50 2 4 3 77 10 7 3 221 2 5 5 209 15 4 , 141114.26424999922
5 152 16 7 3 203 8 4 5 289 1 3 6 163 12 5 2 184 4 5 6 278 3 1 4 304 6 3 , 111665.39675000023
6 203 19 2 3 110 5 2 2 142 10 1 5 132 4 5 4 78 3 3 2 73 10 3 4 56 6 5 , 147218.70225000015
2 292 16 1 3 212 12 6 3 55 16 4 5 272 19 6 6 280 6 7 4 76 10 7 1 271 6 7 , 306006.12325000064
5 224 4 1 1 18 5 7 3 109 9 3 1 276 16 1 6 59 19 5 2 127 1 2 5 294 15 7 , 173516.3487499997
2 251 7 3 5 40 1 3 4 38 13 4 5 246 8 1 5 129 3 1 5 249 20 4 3 175 14 5 , 159510.54324999984
