5 151 8 2 5 135 9 4 1 196 11 1 5 73 19 3 3 85 18 5 3 188 19 6 5 215 6 6 , 158976.03550000003
5 318 3 5 2 205 8 3 5 230 5 4 4 22 11 8 1 302 16 8 1 195 11 4 2 183 3 7 , 113478.6469999997
1 206 13 4 1 225 19 6 6 162 13 5 1 43 12 8 4 98 20 6 1 83 6 7 5 148 10 4 , 167055.5357499999
3 113 9 4 4 279 2 2 6 62 10 2 1 39 6 6 4 66 18 8 3 162 12 8 1 214 16 4 , 129993.50499999979
3 186 14 2 3 200 18 4 2 131 16 8 6 162 3 4 4 210 5 4 6 181 10 3 6 153 13 7 , 167585.02524999998
1 85 7 7 1 25 20 8 5 21 14 5 6 101 14 7 2 33 4 8 4 97 12 1 5 33 16 3 , 160312.26550000036
6 227 6 6 1 79 11 8 1 277 4 3 1 249 13 1 5 296 5 5 4 116 14 1 4 313 19 7 , 160787.03800000006
2 168 2 8 4 305 18 5 6 243 10 5 4 116 10 5 3 147 3 2 1 201 1 5 3 47 19 5 , 118239.1955000005
6 231 19 3 2 139 15 2 6 64 4 2 4 121 5 3 3 97 3 4 5 210 8 4 4 184 8 4 , 155545.89724999963
5 166 13 8 1 260 6 4 1 127 14 1 1 294 8 4 1 161 13 4 3 136 9 3 3 17 15 4 , 159867.5339999998
5 186 9 7 1 282 4 6 5 201 15 5 1 287 16 5 5 295 20 8 3 170 13 8 3 230 10 5 , 173529.4212499999
6 194 10 4 2 155 7 5 1 310 1 6 1 76 9 2 5 207 10 2 2 259 2 1 6 211 7 1 , 107376.66774999964
6 294 10 2 6 134 9 6 2 233 19 8 1 157 3 2 5 48 3 6 2 23 9 6 5 262 1 2 , 139557.10474999936
4 72 6 7 6 246 12 3 1 98 11 3 1 280 3 6 6 139 7 4 1 102 17 3 3 160 1 3 , 148612.6292500004
3 100 5 7 4 98 11 6 3 220 9 8 1 258 2 4 2 59 1 8 5 41 1 8 3 34 11 4 , 95289.98749999976
5 43 19 2 6 27 3 7 5 242 12 1 3 135 13 7 4 107 4 2 3 148 20 3 4 146 2 2 , 158897.16774999967
6 87 18 8 3 264 6 5 6 155 7 6 4 24 17 7 2 215 8 2 5 300 5 8 3 306 13 5 , 170422.47025000036
1 67 20 1 5 109 20 6 1 137 3 6 6 109 12 6 1 312 19 8 1 259 7 1 6 235 18 1 , 274629.5454999993
3 86 8 4 2 88 3 7 4 57 2 8 4 116 1 1 6 106 5 3 2 52 16 4 6 42 11 5 , 105185.98875000014
5 300 6 3 2 78 18 4 1 158 2 7 2 303 11 6 1 89 12 3 3 166 18 8 3 158 1 3 , 167810.15725000008
3 303 18 2 2 300 17 4 6 247 3 1 6 249 13 8 6 196 5 3 5 207 7 4 6 144 15 8 , 172910.51025000057
6 213 18 8 6 81 20 6 2 79 6 3 1 148 13 6 2 76 7 4 3 232 11 5 2 98 13 4 , 176264.40324999986
6 286 14 8 2 107 16 7 6 163 5 8 3 52 15 6 1 204 18 6 6 179 3 1 4 278 14 5 , 176391.66424999986
6 133 6 6 4 26 3 8 2 166 6 8 1 218 5 6 5 303 14 5 2 50 6 8 4 184 11 2 , 112514.72075000039
4 245 6 2 3 125 13 5 2 200 2 4 4 96 15 3 5 218 16 7 4 291 3 8 1 184 8 8 , 139050.67600000004
4 270 12 2 5 231 16 1 5 233 6 6 4 95 15 3 4 102 7 3 2 44 2 2 5 97 7 8 , 167773.61575000046
1 226 4 6 2 253 11 4 5 100 11 6 6 114 1 4 5 25 5 1 6 160 19 6 1 65 9 3 , 143965.63049999985
2 205 5 2 1 100 9 4 3 164 15 4 1 225 2 3 6 186 18 5 2 92 14 4 3 308 18 8 , 196172.04624999978
2 271 13 1 6 19 5 8 5 113 19 2 2 284 4 7 3 201 19 4 6 58 11 8 1 67 11 2 , 229344.05949999945
5 54 3 8 3 227 4 8 3 134 7 8 1 288 10 3 5 128 14 2 5 130 11 4 5 99 14 7 , 149385.83525000006
4 63 20 2 2 222 11 7 5 242 16 8 2 318 17 7 1 211 14 1 2 73 3 8 6 53 16 5 , 232079.69299999953
4 62 20 8 1 319 10 3 4 37 18 7 1 153 10 2 3 118 7 8 5 82 10 5 4 60 14 4 , 214270.6110000005
3 74 9 5 3 220 5 8 3 178 16 1 3 289 14 2 4 246 14 7 5 261 19 7 1 276 3 1 , 236984.48049999896
6 198 3 1 6 306 6 3 6 114 16 8 2 266 14 1 5 157 19 6 2 44 20 7 4 266 11 8 , 220601.5380000007
4 55 14 3 2 129 18 6 5 46 16 6 6 61 18 1 5 189 12 1 5 180 13 6 5 96 6 8 , 247400.0402500008
4 211 15 2 1 103 7 2 2 91 13 2 4 63 3 6 2 73 15 2 5 36 15 3 6 207 3 4 , 179461.96750000026
2 151 20 6 3 136 4 4 6 241 1 7 4 40 5 4 5 82 6 6 2 43 18 6 5 281 7 7 , 162187.10025000002
2 248 4 2 6 269 11 6 2 154 6 7 3 244 9 8 4 196 4 3 1 257 1 5 6 76 5 8 , 102905.22399999958
4 74 20 4 5 297 9 8 6 109 10 2 4 284 17 8 1 125 13 5 4 244 8 4 5 41 18 2 , 243266.73825000128
3 309 12 6 3 108 4 7 5 288 12 7 1 137 9 3 2 196 6 5 4 23 6 3 6 59 8 5 , 138436.70274999988
1 232 6 5 4 206 5 5 3 85 8 3 1 99 10 6 3 27 14 8 3 198 19 3 5 40 9 1 , 229385.80425000028
3 209 17 4 5 240 16 2 1 211 13 1 5 167 14 2 2 260 19 2 6 265 12 2 2 106 18 8 , 213670.56775000048
5 222 14 7 4 37 3 2 3 117 12 8 1 118 14 7 3 212 11 8 5 164 2 6 2 185 3 5 , 129603.42425000056
5 38 9 3 6 305 19 7 5 167 9 3 4 181 15 4 2 106 12 6 4 257 13 5 5 294 14 7 , 191349.748
5 193 9 3 2 86 8 1 3 109 1 5 3 171 14 4 2 121 9 4 1 313 14 7 3 193 9 5 , 150221.4034999999
3 43 6 8 3 112 17 5 1 315 1 6 1 149 16 6 6 81 20 8 4 29 8 4 3 145 4 3 , 146440.8437499996
5 248 11 8 4 47 20 6 2 74 10 4 3 276 6 6 2 318 11 3 1 210 14 3 6 202 12 2 , 194638.13925000033
4 298 13 3 4 51 14 4 2 107 3 2 2 68 13 5 5 304 7 8 5 144 9 5 3 162 1 1 , 134094.80150000023
3 172 18 1 3 96 3 8 3 198 19 2 5 20 11 7 6 267 10 7 4 173 2 1 1 313 1 5 , 217531.6652500003
3 44 1 1 6 256 5 7 1 258 10 5 1 83 5 2 1 253 8 8 1 18 17 3 1 147 18 8 , 144519.26700000046
6 317 17 3 3 229 4 2 3 191 14 7 6 174 15 3 3 86 10 4 6 108 9 7 1 173 11 1 , 211931.83074999915
2 213 12 7 5 159 14 5 1 175 5 8 3 165 15 8 1 144 12 8 5 92 19 5 3 16 13 8 , 234726.14124999996
5 80 6 7 1 146 1 8 6 24 8 6 2 94 5 4 3 63 2 6 4 253 5 8 6 230 3 5 , 74682.97149999991
3 61 4 7 2 83 20 7 1 193 8 8 1 281 8 2 4 35 13 5 5 110 16 4 4 72 20 6 , 264098.39974999975
3 241 6 8 1 38 7 3 2 178 10 1 4 136 20 6 2 197 11 7 2 161 4 1 6 127 19 2 , 190341.96124999944
3 137 10 6 5 119 10 8 5 220 10 6 3 181 10 1 5 190 4 3 3 142 13 8 4 316 13 5 , 164782.84824999954
4 179 13 8 1 127 3 5 6 91 1 2 3 156 12 3 3 269 4 2 4 179 5 5 6 34 2 6 , 99002.00975000032
5 102 11 8 3 211 12 8 6 112 17 6 3 159 11 3 5 231 6 5 6 138 8 6 3 223 2 2 , 170129.4400000001
6 165 12 7 3 109 12 5 4 286 18 6 4 254 17 7 1 200 12 6 4 211 7 3 5 216 5 5 , 210742.5860000003
4 314 9 2 4 30 1 4 6 263 19 1 4 241 4 1 3 267 2 5 6 189 6 2 3 20 11 1 , 135552.21625000006
5 77 5 4 3 73 15 6 5 173 16 8 2 302 8 8 1 289 19 4 6 107 6 5 6 76 13 1 , 152400.49149999968
1 257 7 4 3 260 2 4 6 44 4 4 2 219 5 7 5 218 13 2 4 64 14 7 2 254 19 3 , 134512.9877500001
5 247 18 4 2 316 3 7 2 108 1 6 4 215 8 7 4 79 12 8 4 236 17 1 5 231 8 6 , 181552.54250000007
3 215 20 8 2 140 17 6 1 39 9 4 1 93 2 8 3 258 15 6 2 300 16 1 5 31 5 4 , 175071.26324999976
3 115 11 2 5 202 16 6 3 18 5 7 6 20 19 3 1 188 4 8 3 108 18 3 4 299 6 1 , 165728.94350000002
5 34 12 6 3 231 12 4 6 169 5 6 6 250 7 2 4 89 10 8 5 70 11 8 3 213 3 4 , 123123.35799999977
4 192 19 2 1 135 2 2 4 192 13 1 5 313 17 4 2 132 19 1 6 183 18 6 1 82 20 8 , 233085.5360000013
2 46 18 5 5 179 14 3 1 228 17 7 3 77 15 4 3 79 1 3 2 199 12 6 2 235 13 8 , 191447.17349999957
6 172 3 2 5 243 17 6 6 100 8 7 1 103 20 4 1 241 18 3 4 205 11 7 1 204 16 6 , 217482.05224999995
1 147 14 8 4 57 9 6 3 164 14 6 6 145 2 5 1 103 3 5 3 111 7 3 4 241 6 8 , 128575.08050000019
3 305 5 2 1 134 11 4 1 39 19 3 1 27 19 6 1 103 6 1 4 102 8 7 4 318 17 8 , 230598.65325000056
1 241 7 8 4 172 15 1 6 18 8 8 1 89 6 3 1 124 11 1 3 266 7 7 5 119 9 5 , 141592.3137500005
3 262 17 2 6 304 10 7 3 178 14 1 1 220 6 5 1 119 14 2 6 76 1 7 1 301 18 3 , 181640.43275000024
4 228 19 7 1 231 4 6 4 240 6 4 6 87 16 6 3 44 18 6 3 96 20 3 5 60 16 3 , 239809.49800000002
1 37 10 8 2 75 9 4 5 146 2 5 5 250 15 4 6 252 19 4 1 160 5 2 4 250 11 6 , 171656.82375000045
3 143 11 1 5 53 5 4 1 170 17 3 3 73 13 8 3 151 19 8 6 202 14 3 4 194 20 5 , 274906.79049999977
2 119 5 6 4 256 8 3 1 311 17 5 5 295 3 7 1 68 11 4 5 131 3 5 2 285 10 5 , 142591.4132499998
4 169 5 6 4 91 9 8 4 275 15 8 6 214 3 8 5 237 16 8 6 227 20 5 6 268 16 3 , 206906.76675000187
1 183 17 6 2 239 8 7 2 261 8 6 3 75 20 7 2 174 3 3 2 176 19 8 4 311 1 6 , 181678.91574999987
6 252 4 2 5 112 5 6 2 164 16 1 4 25 9 2 6 229 7 2 6 47 13 3 2 105 3 2 , 146330.38549999963
5 183 18 4 2 58 16 4 3 134 13 2 6 320 18 7 5 21 17 5 4 75 1 2 3 21 9 6 , 181082.07050000015
2 270 19 4 2 205 14 5 2 262 15 5 2 114 14 6 5 202 11 3 5 28 15 7 4 163 15 4 , 227854.61025000038
2 79 9 3 3 33 14 1 4 201 18 8 6 93 7 1 2 151 17 4 3 170 1 7 4 39 1 5 , 141086.59925000032
4 140 17 5 1 318 5 2 2 262 15 2 3 54 5 5 5 180 5 4 1 170 1 7 2 198 9 6 , 117290.74374999941
4 80 4 8 5 91 9 5 5 126 2 8 2 47 16 7 6 233 13 5 3 282 20 8 6 261 14 5 , 165581.274
1 67 14 7 2 204 5 5 4 53 11 2 3 255 17 5 4 234 13 8 3 296 3 6 4 222 12 5 , 149175.67450000023
6 49 3 4 1 259 9 2 1 95 3 3 5 103 15 4 4 119 5 4 5 91 18 5 5 201 7 1 , 136546.58275000038
5 313 1 7 6 319 10 2 6 266 12 2 1 185 16 6 1 151 3 6 4 151 18 5 3 127 10 5 , 158604.42350000056
3 78 19 4 4 200 19 1 1 301 19 2 1 175 12 1 5 81 9 3 5 283 14 6 3 257 19 6 , 259319.1347500015
4 253 9 8 2 166 19 1 5 216 12 3 5 117 20 7 3 88 12 7 6 267 2 6 2 154 5 8 , 180494.19774999958
3 134 2 1 2 111 5 4 4 103 15 1 6 107 4 4 4 253 7 1 3 231 7 5 5 296 2 1 , 98975.41000000015
1 261 6 4 2 176 1 6 5 313 16 1 2 241 15 5 1 238 17 7 5 225 2 5 5 26 16 7 , 188077.15774999955
2 116 9 4 1 181 4 1 3 21 11 7 6 52 19 2 4 162 20 7 1 134 8 5 5 305 13 8 , 195718.65124999953
6 245 8 8 3 24 16 1 6 119 4 7 3 271 5 8 6 63 19 7 6 40 6 6 3 215 13 2 , 156588.15399999934
3 229 5 3 6 192 17 5 5 318 4 3 5 112 2 6 4 113 15 6 3 314 4 8 4 209 15 3 , 151165.05325000078
3 118 8 4 6 315 2 7 4 287 7 2 6 225 1 2 4 117 1 2 2 268 7 6 2 206 5 5 , 79338.80950000003
2 241 14 4 4 73 16 8 3 110 15 2 1 93 15 4 6 313 13 1 6 153 18 8 4 134 19 7 , 236032.8374999998
2 82 6 4 6 33 8 8 4 252 12 3 1 316 4 3 4 218 5 8 2 108 17 6 5 36 13 6 , 161025.52950000012
6 169 20 8 5 102 7 3 4 90 18 8 2 306 3 3 3 115 11 3 3 123 11 2 3 171 4 6 , 179206.81574999972
4 222 10 1 5 110 2 1 3 56 7 2 2 265 12 5 3 119 4 8 2 283 14 7 2 201 5 4 , 191502.57325000002
5 65 20 6 1 35 18 1 5 43 16 6 1 141 2 4 3 172 10 3 2 61 2 6 5 260 19 4 , 174083.44799999957
3 48 10 1 5 45 16 4 1 81 4 4 6 245 7 6 3 228 10 7 3 68 9 7 1 305 10 3 , 136233.6007500004
2 46 19 5 1 119 15 3 6 223 4 6 4 272 18 3 4 130 8 1 4 307 10 2 6 268 19 2 , 188956.58174999966
4 295 14 1 4 52 12 3 2 237 8 2 2 168 15 1 1 141 9 6 4 148 5 3 5 132 16 5 , 319327.42049999913
1 294 20 4 5 220 4 2 5 79 7 8 2 136 5 8 2 28 11 2 3 134 14 4 5 237 5 7 , 148150.62575
1 244 19 1 4 319 16 8 4 184 1 4 3 280 11 5 3 309 7 3 4 142 1 6 1 303 3 1 , 197607.1307499999
4 108 9 5 3 84 17 3 3 27 4 8 4 230 9 1 2 269 9 6 5 55 20 3 6 67 11 3 , 187119.90524999955
4 162 19 3 2 266 15 1 6 214 13 1 2 46 10 8 4 181 2 5 2 94 5 6 6 42 3 2 , 155720.33625000075
6 283 3 4 2 94 16 3 4 211 6 6 1 193 15 2 3 160 10 7 1 72 14 6 6 302 1 1 , 131336.0737500001
4 304 17 8 6 180 20 2 6 191 7 4 4 200 14 8 3 273 6 3 6 52 12 6 3 280 9 4 , 214113.84074999994
3 107 11 7 5 230 15 7 5 54 11 4 6 135 3 4 5 77 15 6 6 178 10 7 1 121 19 4 , 186811.67000000004
4 62 11 8 1 31 12 2 6 211 17 2 6 23 13 4 1 32 20 2 2 214 11 6 4 30 12 2 , 219656.36599999986
3 116 5 2 4 138 14 1 5 133 19 1 3 147 14 6 2 196 6 8 1 187 9 5 1 259 17 3 , 201648.96499999973
4 56 19 5 3 195 4 7 5 52 6 8 2 279 14 1 6 130 8 7 3 88 3 2 4 114 14 2 , 139784.58424999952
1 58 11 7 3 163 5 5 5 224 14 7 1 313 9 5 2 144 4 1 5 313 14 1 2 209 10 5 , 173212.26474999991
4 288 20 1 4 91 13 2 5 59 5 3 3 248 11 1 6 43 19 7 5 28 10 6 6 214 2 4 , 355071.68949999975
1 317 13 1 6 223 13 4 3 137 16 3 6 16 5 3 6 268 6 6 5 96 18 4 2 279 9 4 , 230671.56750000056
5 69 18 4 5 42 11 4 4 236 18 4 3 207 12 8 4 171 11 1 2 21 11 6 4 145 9 4 , 211720.18900000048
2 100 9 8 6 264 15 3 3 152 13 7 5 309 10 2 1 291 19 8 3 127 11 2 1 251 17 7 , 223867.79100000084
2 234 4 1 4 99 7 8 1 235 19 8 4 50 4 8 1 257 8 7 1 98 10 7 6 312 14 4 , 158319.14175000033
2 315 3 3 2 278 20 1 5 178 1 6 2 192 9 3 4 242 1 3 2 49 20 7 5 48 9 2 , 144666.20174999934
6 305 5 7 1 99 18 5 2 153 14 4 3 100 6 7 6 139 4 4 1 233 13 4 6 202 12 1 , 179509.98100000032
1 164 17 5 3 310 20 7 4 95 12 8 5 309 13 5 1 292 11 5 3 30 20 6 4 164 1 5 , 198386.9025000001
4 160 6 7 1 237 6 2 1 252 15 4 1 121 8 8 5 55 16 3 4 78 4 8 3 242 19 7 , 166487.5165000004
4 28 13 1 1 22 20 7 4 297 18 2 3 93 1 6 5 269 4 8 6 222 4 4 1 192 13 3 , 151363.22049999994
4 300 15 5 6 304 19 4 1 192 11 8 4 136 18 4 3 84 15 4 2 109 10 1 4 223 7 2 , 217468.5345000005
6 89 7 5 1 268 8 7 3 294 13 5 4 171 20 6 3 132 12 4 3 51 2 5 4 141 17 5 , 188652.25049999938
2 265 11 3 6 317 10 5 5 232 17 1 2 302 15 4 1 303 14 4 6 225 13 4 3 183 3 6 , 181142.92125000022
1 42 5 6 1 41 4 5 1 33 20 8 1 27 3 2 3 284 13 1 6 299 18 3 4 310 14 7 , 184492.18225000016
2 229 5 4 3 119 3 5 4 121 9 5 1 91 16 6 3 91 2 8 6 226 15 1 5 195 3 8 , 123569.22149999999
4 303 13 8 2 119 15 3 2 209 14 3 2 252 3 5 2 244 14 4 2 157 15 2 3 217 6 1 , 183135.8457499999
3 249 16 1 2 75 1 8 6 187 17 5 5 72 9 3 2 66 9 7 5 290 8 6 5 37 12 2 , 292360.00099999993
5 156 19 8 5 237 3 1 5 273 20 6 2 262 19 2 4 225 18 8 4 24 17 6 1 29 15 7 , 292100.23000000033
1 100 7 8 2 195 14 1 2 317 8 5 1 306 17 8 5 257 16 8 2 19 11 6 6 210 18 6 , 242518.40525000065
5 74 2 7 4 35 8 2 1 244 9 8 6 146 1 4 4 268 14 7 3 74 13 6 3 188 16 6 , 145344.95399999988
2 29 8 8 4 150 13 1 1 259 9 4 6 165 8 3 3 262 8 3 5 240 9 8 6 89 10 5 , 173757.62274999966
6 90 10 1 2 288 4 6 4 203 13 1 3 123 11 4 3 283 14 7 6 33 12 4 5 209 1 2 , 190422.70399999974
6 193 3 5 1 197 14 6 1 285 15 3 3 122 8 1 5 113 14 6 5 163 9 3 6 114 8 5 , 187548.07274999926
6 180 12 5 2 121 15 8 5 158 6 3 1 162 17 2 6 153 18 7 2 70 14 8 5 97 9 3 , 222567.5122499984
1 195 19 1 5 154 17 1 6 19 3 5 3 154 9 2 6 114 7 8 6 54 7 1 3 16 8 8 , 278613.17300000053
2 143 5 6 1 286 8 1 1 291 2 4 4 60 9 7 5 223 17 2 5 194 15 5 1 261 18 5 , 151459.8645000006
5 301 12 2 2 267 3 4 6 243 5 1 1 188 16 2 1 144 7 6 5 259 12 6 1 284 19 6 , 173525.44724999997
6 219 17 1 4 244 13 1 5 223 13 2 6 226 3 7 3 83 9 2 2 239 17 2 3 305 12 4 , 407528.1055000004
4 277 9 3 5 61 6 7 6 123 4 7 2 71 10 5 4 320 3 1 5 108 13 8 2 61 18 3 , 152923.4319999997
3 166 11 7 6 138 1 8 5 91 9 3 5 114 6 1 1 118 1 3 1 307 19 8 2 76 11 7 , 124460.7255000004
1 239 10 3 6 105 9 5 2 165 16 5 6 269 6 3 5 314 4 4 1 165 7 7 2 310 15 4 , 137326.3880000001
3 58 3 7 6 85 5 6 4 51 17 1 5 50 2 6 4 185 8 5 4 129 1 5 6 133 4 6 , 96282.17950000011
5 277 15 5 1 25 13 6 2 135 13 1 4 264 10 6 1 300 12 4 3 213 2 1 6 303 15 7 , 175082.52800000022
6 299 17 8 5 167 12 4 1 23 18 6 6 302 5 5 4 294 16 7 5 21 12 3 3 49 20 6 , 227055.53875000018
5 57 8 5 5 141 18 5 1 217 16 6 2 141 12 2 6 137 14 4 3 244 6 5 4 117 5 7 , 178664.56524999952
6 264 6 6 2 237 3 1 1 265 8 4 5 226 10 8 3 46 12 1 2 262 19 8 5 161 18 1 , 187209.95750000043
6 316 1 2 4 310 2 7 5 35 6 1 1 246 16 1 4 314 12 2 3 174 3 5 5 262 2 7 , 107450.38274999984
5 84 17 6 2 110 1 6 4 95 20 8 4 318 6 3 4 101 6 1 6 247 7 1 2 196 6 1 , 149487.38775000023
5 306 15 7 4 130 15 6 2 105 19 6 1 102 8 7 3 71 4 4 4 203 3 5 2 86 17 5 , 194471.97225
5 286 17 7 5 53 12 8 4 73 3 8 3 190 14 1 6 282 3 3 1 47 6 8 2 101 20 6 , 210226.49125000017
1 16 4 1 2 287 6 6 1 189 7 8 4 224 14 2 1 262 14 1 2 282 15 8 3 186 9 4 , 192075.02449999988
2 82 10 6 2 278 3 3 6 218 2 3 2 119 12 6 6 263 1 7 4 203 18 3 2 156 1 8 , 109242.70225000012
1 129 12 8 2 297 4 6 1 78 17 5 2 254 13 6 6 67 13 1 5 45 8 1 1 191 1 7 , 203134.36724999978
5 147 2 4 6 290 15 3 3 217 3 6 1 120 7 8 4 192 2 7 1 199 1 5 6 125 14 8 , 109207.08525000008
4 174 10 5 6 31 7 4 1 142 4 7 5 24 7 4 6 242 7 7 5 245 19 3 6 106 5 2 , 135546.0720000002
5 52 12 1 3 224 18 5 3 180 9 6 5 161 9 1 3 68 11 1 2 270 1 4 3 232 15 7 , 157406.7347500006
6 219 11 8 3 249 8 5 1 188 9 1 4 113 20 8 5 260 2 5 3 222 14 7 2 214 5 8 , 164740.9619999996
6 119 14 5 6 257 17 4 1 106 12 4 3 234 11 6 4 201 6 1 5 43 8 1 1 33 4 7 , 171179.11500000057
1 289 17 7 3 127 11 3 2 307 5 7 6 214 3 1 2 273 1 2 1 89 1 7 5 63 19 5 , 124492.22475000002
5 280 3 6 4 44 11 4 3 179 4 4 6 65 15 8 4 170 2 3 1 121 8 7 6 50 6 2 , 109855.45900000025
4 169 5 1 3 37 15 2 2 71 7 7 3 158 16 4 1 142 11 3 6 86 3 8 3 182 4 5 , 148046.58674999993
6 221 5 8 4 144 4 7 6 68 8 8 1 93 11 2 1 180 3 6 5 133 19 1 2 236 5 3 , 114893.72374999998
3 136 20 8 3 277 15 6 3 207 5 7 1 126 18 4 6 269 14 6 6 109 8 5 4 100 18 8 , 212625.53599999956
4 268 12 7 2 149 7 2 5 305 17 4 2 248 11 6 6 57 12 2 6 51 5 3 2 55 17 3 , 185466.97900000002
6 248 7 7 1 126 10 6 3 113 19 1 6 284 11 7 3 84 15 3 5 158 1 8 4 239 8 5 , 168503.81174999988
3 221 10 2 2 23 19 7 1 54 5 8 3 83 10 7 5 192 14 4 6 268 18 1 6 87 3 7 , 195993.77749999927
1 139 10 7 4 135 16 6 3 30 1 3 5 177 20 5 5 123 10 2 4 200 7 5 6 255 7 6 , 156041.81400000048
3 258 18 5 4 176 4 5 5 292 13 7 6 172 8 1 6 32 17 7 6 53 19 4 1 54 6 5 , 223088.23524999953
1 26 10 8 2 131 6 8 5 46 8 8 5 275 4 4 2 126 4 7 2 188 20 4 5 33 11 5 , 155447.01875
5 306 2 6 3 63 19 4 5 19 5 1 4 271 19 6 6 177 18 8 4 88 11 2 6 178 3 4 , 255528.90799999997
3 100 2 4 5 210 1 3 4 157 4 7 3 265 8 3 2 180 1 4 5 103 15 3 6 69 14 7 , 113772.3257500002
4 286 7 4 5 133 7 8 5 66 11 4 4 54 2 3 5 179 3 8 5 64 8 6 1 139 13 7 , 121157.47250000013
5 240 13 5 4 285 3 6 2 108 12 3 5 155 18 2 6 262 5 6 2 153 12 1 2 164 19 1 , 216234.64750000092
2 273 11 2 5 160 1 5 4 71 6 5 3 176 13 5 5 49 6 1 6 224 13 8 4 35 9 1 , 168434.7837500003
6 267 8 5 3 212 8 5 6 146 10 8 3 252 5 4 2 46 10 2 6 263 14 8 6 86 18 4 , 210312.96800000034
1 32 17 3 6 270 10 1 6 239 17 1 5 164 11 4 2 45 11 2 4 38 4 1 3 251 8 2 , 157728.8752500001
1 71 5 2 2 22 5 4 4 206 17 8 6 92 10 4 2 269 15 4 2 293 11 8 6 235 7 2 , 143768.15974999944
2 33 2 3 3 22 3 1 3 134 9 7 1 85 3 6 3 149 10 4 4 141 9 5 1 265 10 7 , 98469.14874999993
3 180 16 3 5 193 20 6 6 281 5 6 5 34 1 5 1 189 8 6 5 270 12 8 4 251 9 5 , 141688.82125000007
5 69 6 8 4 16 18 5 4 96 6 7 3 247 18 8 1 62 3 1 4 137 1 5 1 84 15 8 , 148125.04724999974
2 294 4 1 1 71 1 4 4 161 5 3 3 46 8 2 3 91 2 3 4 46 8 3 2 274 11 4 , 102667.40499999982
3 314 15 2 4 217 16 1 5 46 10 5 2 16 7 5 3 294 17 7 3 280 20 6 6 47 20 8 , 276749.14650000155
4 292 6 8 1 172 14 4 6 292 20 3 6 296 16 1 6 301 19 6 5 307 6 2 4 176 15 5 , 222477.57524999947
6 70 4 1 4 197 12 2 1 289 6 7 3 249 10 2 3 230 16 4 6 155 1 1 5 297 16 7 , 149273.1945000004
5 120 12 6 3 111 19 7 4 74 15 4 3 233 6 8 4 236 4 1 3 104 6 2 1 129 1 8 , 169047.17399999994
4 171 11 5 2 79 7 4 2 220 14 2 1 160 13 4 1 71 1 1 3 320 5 1 4 123 6 6 , 157304.0402499995
1 116 18 6 4 298 8 4 1 64 1 1 5 65 6 6 3 252 2 5 2 196 12 8 5 269 14 4 , 131067.12500000003
4 89 6 2 4 149 13 7 4 21 11 2 5 42 7 3 6 90 19 2 4 172 20 3 2 289 20 8 , 229450.15275000065
6 51 1 3 5 70 5 2 3 89 7 7 4 109 8 3 1 296 11 8 1 186 7 4 5 127 7 2 , 107143.81050000004
2 24 13 3 1 246 5 5 4 254 14 5 1 115 13 5 6 170 7 7 4 280 8 4 5 196 13 3 , 166782.04199999943
6 203 14 8 5 44 8 2 2 123 17 5 3 205 14 8 6 166 16 1 4 193 2 8 3 217 17 3 , 200844.15024999963
6 317 19 3 5 202 6 8 3 16 11 1 6 50 8 2 3 298 1 1 4 251 4 8 6 161 2 4 , 156251.52475000004
5 132 2 7 6 80 7 4 4 104 10 1 4 180 4 5 5 47 1 6 2 142 7 6 2 61 7 4 , 90982.2200000001
2 68 9 6 3 304 7 6 4 304 9 1 4 229 12 8 4 47 18 6 5 24 1 5 4 91 4 5 , 149575.70750000002
2 313 15 1 1 97 17 7 2 49 2 7 5 165 18 1 6 112 11 8 6 228 4 6 5 67 17 8 , 277096.4454999994
