5 218 4 7 2 200 9 4 3 98 14 4 6 120 1 2 3 31 9 5 1 221 2 6 2 145 14 4 , 92720.91450000001
5 112 5 5 4 185 2 2 1 222 11 5 4 226 7 8 1 284 7 1 1 230 8 7 2 142 11 6 , 92749.2135000003
5 125 15 3 3 62 14 7 3 45 10 7 1 90 20 6 1 88 18 1 1 243 18 6 1 56 5 2 , 175839.8979999999
3 309 4 7 4 103 2 7 4 261 19 3 4 166 4 2 1 99 20 2 3 119 10 2 6 31 13 4 , 136158.6077500007
3 122 18 8 4 203 11 5 2 273 3 4 2 82 13 8 3 32 20 4 1 162 12 4 3 87 17 2 , 183538.11049999966
3 308 4 1 5 101 11 7 5 109 12 8 1 227 14 4 1 153 1 2 3 300 3 8 2 302 6 1 , 112085.70274999962
3 26 10 3 1 251 13 8 4 255 6 1 5 174 6 7 4 180 18 2 3 263 11 5 3 59 4 6 , 126576.64800000007
5 230 18 3 3 273 7 7 1 158 7 4 4 55 13 5 5 132 16 6 5 147 10 2 2 202 6 8 , 165084.92750000005
4 94 9 4 2 250 15 5 5 293 6 4 3 134 1 8 5 224 19 5 1 310 9 5 1 265 18 4 , 163565.94874999963
5 25 16 6 5 89 5 1 2 114 4 1 6 203 12 8 5 309 4 3 5 315 10 4 1 229 15 4 , 134191.6665000002
2 317 9 1 6 149 17 2 1 112 3 8 4 212 12 3 1 198 19 1 6 151 14 7 3 57 12 6 , 195672.70124999987
1 139 19 4 4 76 1 3 3 253 7 3 1 107 2 5 5 156 20 4 6 118 10 5 4 263 5 4 , 135408.19349999976
6 79 2 8 6 282 14 3 1 263 4 8 3 50 5 4 2 258 14 1 3 241 7 8 6 218 12 3 , 134039.15100000004
1 17 20 1 6 309 1 3 1 154 6 3 4 261 7 3 1 145 18 4 3 97 13 6 4 226 3 7 , 160724.0695000001
4 260 9 1 2 23 4 3 3 132 3 1 5 53 5 6 5 56 6 2 6 262 13 5 6 28 2 8 , 179279.32650000002
1 26 19 6 5 175 10 7 2 259 15 7 2 86 10 2 2 72 6 8 5 226 4 8 6 303 18 5 , 186757.42549999955
4 275 16 6 4 65 6 4 2 192 4 3 3 220 12 5 1 283 3 1 5 251 2 3 1 203 3 4 , 110615.31775000002
1 293 4 4 2 244 11 5 4 65 17 7 5 65 2 3 2 194 5 6 3 184 3 8 6 153 18 5 , 135004.97824999978
2 194 14 3 1 219 14 7 4 303 4 8 5 98 11 3 5 90 1 4 3 260 14 7 5 320 20 7 , 230039.85499999856
4 199 9 5 6 237 10 3 2 235 5 6 5 58 18 3 2 153 7 5 1 282 18 3 5 178 17 5 , 193541.7989999997
2 226 8 5 5 93 10 5 2 71 2 4 6 289 9 7 1 40 8 3 4 228 1 1 3 186 8 5 , 95783.3409999998
1 240 1 4 5 65 10 2 1 205 15 6 6 95 19 8 3 128 10 1 4 216 3 1 3 108 8 6 , 134366.13124999995
1 62 2 5 5 292 16 1 6 130 14 8 2 160 3 4 2 301 20 3 5 282 9 6 3 297 16 8 , 164939.30349999966
1 141 8 5 5 293 14 7 1 258 3 5 2 195 6 2 1 47 9 1 4 135 1 1 5 53 10 3 , 102438.20074999948
5 42 17 2 3 156 4 2 1 277 1 8 5 103 8 6 2 155 11 6 5 180 13 7 1 155 15 6 , 139234.23950000003
6 60 6 5 4 126 13 1 2 124 20 7 6 68 18 3 1 46 2 1 3 82 12 7 2 290 13 1 , 174824.2157499999
4 227 12 8 5 206 12 4 2 116 5 1 3 255 2 6 4 224 6 8 1 104 8 4 3 233 11 6 , 125143.78299999984
3 66 13 5 6 85 4 6 2 147 18 3 3 207 4 1 6 299 14 3 4 125 11 7 1 247 8 5 , 161455.83825000015
2 66 7 5 5 233 6 4 5 74 18 3 4 137 5 8 3 289 6 4 4 121 13 6 1 285 11 1 , 149890.3442500005
4 94 6 4 6 54 20 1 2 26 18 7 3 34 14 5 1 295 16 4 2 155 17 7 1 129 16 3 , 239868.548749998
4 280 11 1 2 291 2 4 6 113 8 5 6 249 7 6 1 46 9 6 2 290 14 4 4 109 15 1 , 242920.07924999986
1 302 1 7 6 227 3 4 4 234 6 1 1 230 14 8 4 108 15 5 5 254 12 5 6 59 15 8 , 149374.03275000033
1 305 15 4 2 253 12 2 3 108 3 7 2 154 17 6 2 163 1 1 4 135 10 2 1 48 6 6 , 160654.6614999999
2 118 19 1 4 70 7 4 5 280 11 6 6 213 5 3 4 311 2 5 6 158 13 5 4 83 13 3 , 195600.79499999995
3 307 13 6 1 290 11 7 4 171 10 1 4 299 14 7 2 33 6 4 6 163 17 3 5 191 11 5 , 183338.9844999995
4 289 1 1 5 207 4 3 3 17 18 7 3 38 19 2 5 217 2 6 3 233 9 8 4 254 2 3 , 151369.04075000004
4 111 9 6 6 98 3 8 5 147 5 3 2 129 12 6 4 39 3 2 5 29 4 5 1 108 20 5 , 130870.35850000015
4 164 16 3 6 115 19 3 5 235 20 2 1 277 15 3 1 173 19 2 3 96 19 3 5 226 2 2 , 276672.1395000012
1 115 2 4 6 173 5 2 6 312 10 7 5 299 14 3 5 69 10 3 4 109 17 4 5 216 11 5 , 152420.43650000083
5 316 10 1 1 113 11 4 6 37 7 8 1 169 12 1 4 202 2 3 1 149 5 8 6 84 8 8 , 251309.09725000005
6 75 2 4 4 222 5 8 2 244 17 8 4 48 11 4 3 298 2 1 3 272 9 3 5 100 9 4 , 115288.97050000011
6 82 4 2 3 289 11 1 1 128 17 5 1 16 8 4 6 300 3 1 2 294 12 5 2 198 7 1 , 133239.67724999992
3 132 4 2 3 302 10 5 3 317 1 7 6 55 8 2 6 146 9 3 3 148 4 2 1 89 3 6 , 92175.03950000001
1 43 1 1 3 310 11 6 3 177 19 3 3 47 6 5 6 245 9 2 4 169 8 6 2 253 9 2 , 134637.6344999996
4 265 19 4 1 114 3 6 3 65 12 3 3 32 19 1 6 311 3 8 5 283 18 1 3 311 1 3 , 165435.57250000033
4 16 19 6 5 306 11 1 2 297 19 8 5 98 19 6 5 103 2 5 2 289 10 4 3 307 12 6 , 196993.60999999993
1 171 11 4 4 114 8 8 5 155 20 5 1 296 11 6 3 186 15 4 6 255 4 1 6 311 18 5 , 198545.01799999995
6 319 11 4 2 150 4 2 2 177 5 4 4 207 11 8 5 67 15 4 3 90 8 2 5 256 8 8 , 131024.40024999986
4 240 20 5 3 76 7 5 6 25 8 4 3 115 2 1 2 248 6 7 2 107 12 1 5 101 17 1 , 160667.2604999998
2 57 3 1 5 230 12 1 5 81 8 2 3 294 1 3 4 246 10 4 1 105 17 5 2 128 18 1 , 212185.6112500001
6 227 9 4 1 256 14 7 2 208 12 1 5 258 1 4 2 318 18 4 5 298 10 2 6 85 17 2 , 196271.7284999988
5 110 10 2 6 156 15 3 3 72 11 6 3 262 2 4 6 257 14 5 5 242 14 2 5 250 6 7 , 180065.86075000002
3 215 20 7 6 129 4 7 5 284 13 2 2 70 9 6 4 196 3 2 6 211 19 6 1 41 4 7 , 257763.43625000052
1 245 19 3 6 217 15 1 6 69 14 2 2 259 18 8 1 145 7 8 3 119 10 4 1 173 19 3 , 229948.68374999936
3 295 1 8 4 17 17 4 6 276 7 2 4 177 19 2 6 292 13 1 1 71 3 4 4 259 15 2 , 196150.43574999968
2 133 20 1 4 120 2 5 6 136 4 6 6 177 10 7 1 136 19 3 6 251 11 7 3 168 6 6 , 197595.63425000024
3 105 8 2 1 109 4 8 1 24 5 7 2 186 1 4 3 229 4 7 5 76 13 8 2 102 13 3 , 115808.281
6 287 16 7 3 34 18 3 3 102 2 4 4 119 13 3 5 93 15 6 6 197 5 5 1 37 2 7 , 175741.81349999912
5 277 4 7 5 141 1 5 1 281 6 4 2 228 3 8 4 315 15 1 5 310 18 3 1 252 11 2 , 150968.78950000007
6 279 5 6 6 155 11 3 1 252 1 8 3 299 9 5 1 274 10 2 2 198 1 7 6 122 10 1 , 124559.06925000022
4 47 3 8 2 50 4 1 3 178 18 1 6 203 14 3 1 126 14 6 2 49 13 1 1 132 9 1 , 142419.67050000018
6 45 12 3 5 146 5 8 2 258 11 3 4 238 4 4 1 165 16 8 3 146 18 2 6 295 19 5 , 187030.72250000044
2 259 11 3 6 213 19 8 1 208 5 8 6 133 20 8 3 60 11 4 3 61 1 3 4 268 17 2 , 168268.12325000035
5 70 13 4 6 49 18 1 6 225 12 5 2 139 3 3 2 243 15 7 3 222 8 1 4 320 12 3 , 173879.21275000024
3 44 4 4 4 218 7 6 4 293 13 6 5 253 20 2 6 249 9 1 3 189 14 1 1 249 13 4 , 196601.62400000053
1 128 8 5 1 222 16 4 2 158 13 5 2 106 20 5 6 213 20 3 6 306 11 3 1 208 8 6 , 205541.39149999997
5 81 14 7 1 149 10 1 3 203 12 3 4 93 8 1 1 73 20 1 2 25 3 2 5 229 8 4 , 171079.761
2 88 11 6 4 203 5 5 2 92 14 7 2 59 7 3 1 46 20 3 5 54 18 6 3 100 11 8 , 201244.8759999998
5 292 1 4 4 30 15 5 1 181 1 5 4 290 19 3 2 28 20 1 3 75 6 4 6 270 6 5 , 143858.43800000014
5 200 1 4 6 117 3 2 2 166 3 2 6 92 17 2 1 102 1 5 3 54 1 7 3 187 14 2 , 89320.4842500001
1 181 3 4 3 150 13 4 1 140 19 5 5 275 5 6 4 85 4 4 2 183 16 3 5 274 1 1 , 134512.3690000004
2 231 19 1 1 293 13 4 3 289 15 3 4 75 8 7 3 162 5 6 6 279 2 4 1 271 19 6 , 243508.9895000002
4 125 13 6 3 254 16 6 5 228 20 1 5 318 12 1 4 213 15 6 3 293 11 7 6 264 12 5 , 269019.221499999
3 106 10 3 2 307 14 5 1 39 6 2 2 20 4 2 3 50 13 3 2 269 18 8 2 135 9 4 , 182910.78850000002
1 186 8 6 5 100 17 2 1 71 2 3 4 159 3 1 3 83 20 5 1 276 13 1 3 32 20 1 , 188472.3202500002
1 90 2 5 5 161 1 7 5 145 19 6 3 125 1 3 2 33 7 1 6 284 15 7 2 112 12 4 , 148510.50500000067
3 139 14 4 4 24 3 3 1 177 5 4 5 71 16 3 2 74 12 7 2 199 5 1 4 35 11 2 , 167927.1504999994
1 57 6 7 3 70 11 8 6 21 12 5 4 191 4 4 6 79 8 4 2 213 13 1 2 134 18 4 , 170133.57849999992
6 223 1 4 3 142 2 7 4 200 4 1 6 183 7 7 4 43 13 7 1 300 13 5 6 149 13 7 , 123072.19774999958
1 314 12 3 6 194 14 2 1 196 8 3 2 223 4 3 2 164 5 8 3 175 13 6 5 72 17 5 , 203671.11625000022
2 158 16 4 2 48 13 2 3 142 4 2 2 231 13 6 3 98 3 1 1 277 10 2 1 320 8 6 , 142977.45949999982
4 70 9 2 1 96 1 2 4 256 19 7 4 309 8 8 4 192 16 1 1 107 20 7 6 204 18 6 , 220041.45200000025
4 255 10 7 1 194 3 7 3 16 13 1 4 154 6 6 2 279 8 6 5 241 1 5 1 143 6 8 , 103232.55100000053
3 163 11 2 5 136 8 2 1 262 14 1 1 266 20 8 3 299 10 7 6 293 14 5 3 68 1 5 , 167425.36774999954
6 223 3 6 2 120 5 6 5 86 1 7 4 18 13 4 4 300 4 3 4 297 7 6 4 309 18 1 , 110062.46900000004
4 182 12 2 2 115 8 3 4 253 9 3 5 198 12 1 5 110 16 7 4 314 15 2 1 37 16 6 , 199931.98124999998
6 76 3 1 1 28 9 8 4 59 19 8 6 157 6 8 1 103 15 3 5 175 14 3 6 122 9 8 , 163981.92400000017
1 191 16 2 2 54 16 3 5 164 13 2 1 301 18 5 5 152 1 5 6 286 18 2 4 44 7 8 , 199673.16650000046
4 102 13 1 1 78 20 2 6 228 16 4 2 135 15 6 1 280 19 7 1 35 17 5 5 22 3 1 , 249826.33549999906
4 192 2 7 1 162 7 2 6 92 20 7 1 279 5 5 4 192 1 7 1 178 17 4 6 56 12 6 , 142810.07600000047
5 89 10 7 2 215 14 6 5 22 17 3 6 235 16 8 3 165 16 4 1 289 8 3 2 277 18 6 , 237808.13850000093
6 156 10 7 4 68 16 2 5 72 18 7 6 64 14 2 5 96 1 3 6 252 13 2 4 66 5 5 , 181421.29050000056
1 284 16 3 2 233 1 8 4 217 4 4 5 16 17 7 3 267 11 4 1 265 3 1 1 248 12 8 , 156823.8912500001
2 226 16 8 3 263 16 4 4 64 18 8 2 202 10 8 3 90 11 4 1 256 10 7 2 118 10 5 , 216363.69375000012
4 86 9 7 2 199 13 5 1 42 7 1 2 191 18 5 2 195 6 1 2 87 7 6 6 121 11 7 , 176045.86099999942
6 169 11 5 5 248 13 8 5 73 4 3 2 222 15 2 4 47 17 7 3 244 4 5 3 26 6 4 , 192182.29950000026
4 128 14 3 3 222 10 1 3 106 12 1 4 287 8 3 5 187 2 3 4 116 4 4 1 224 9 5 , 158859.26800000016
6 106 17 2 1 252 6 4 6 253 8 4 1 176 19 6 3 309 6 1 2 30 15 5 1 131 12 2 , 164537.09024999948
1 258 20 2 1 254 5 1 3 32 14 8 2 293 14 4 2 30 13 6 6 78 8 7 5 21 18 5 , 206090.9265000005
4 27 20 2 1 101 19 4 1 129 11 8 3 60 15 5 1 245 9 6 4 277 4 7 2 189 17 5 , 197549.89925000022
6 272 6 5 5 140 17 1 2 247 4 8 6 205 17 2 1 246 5 3 5 167 11 8 4 227 8 8 , 144570.90700000006
1 109 8 1 6 314 18 7 4 68 4 3 5 309 7 2 6 57 3 1 6 170 4 8 1 68 15 3 , 122765.78450000071
4 136 2 5 5 294 5 6 3 307 8 3 5 21 18 4 3 78 9 5 3 36 5 5 3 236 6 4 , 117086.6712500003
4 43 3 7 5 26 9 5 2 143 15 5 3 269 4 1 4 156 1 8 6 167 8 1 1 284 13 5 , 125877.72025000027
1 123 2 1 6 179 12 2 1 167 9 1 4 226 7 5 2 296 12 8 2 277 19 1 4 205 6 2 , 171055.30125000016
3 212 13 5 3 243 1 3 3 46 15 8 2 99 2 5 6 294 3 6 3 251 9 2 4 224 7 4 , 119166.83500000028
2 171 12 4 1 49 10 7 3 262 12 1 1 72 2 7 3 141 15 5 1 39 16 2 3 193 5 2 , 152566.10050000015
4 251 11 8 6 316 13 6 4 34 5 2 5 26 18 8 5 33 18 1 2 261 3 8 2 274 17 6 , 192115.03125000055
3 158 8 1 3 27 10 2 3 21 12 3 6 217 10 4 4 104 9 3 5 265 16 6 3 299 7 3 , 176977.4849999997
1 283 7 4 4 260 14 4 4 126 13 6 2 171 10 3 1 125 19 2 3 246 12 3 5 291 15 3 , 217009.99550000002
1 35 7 6 1 124 4 4 6 150 16 5 3 186 8 8 5 196 9 4 1 230 1 2 3 312 4 1 , 119809.73374999997
6 136 5 6 1 129 8 1 6 144 1 6 1 320 4 3 2 203 17 4 3 123 11 8 3 143 9 6 , 128453.22474999969
1 35 13 6 4 169 16 7 3 42 15 3 1 299 18 6 1 16 1 4 4 244 2 1 3 72 10 1 , 173084.2894999998
3 70 12 8 3 155 8 7 3 111 5 3 3 113 17 8 1 152 5 7 2 160 15 6 2 58 8 6 , 169543.96949999974
3 136 11 2 1 308 6 3 1 161 5 8 1 219 6 8 1 40 10 7 1 148 3 1 4 42 4 7 , 113918.19624999986
6 90 9 2 6 242 5 2 4 44 4 5 5 156 6 3 4 218 5 7 6 264 15 7 4 248 9 3 , 140401.42074999976
4 90 12 6 3 201 8 7 2 199 14 3 5 70 18 1 6 217 10 7 5 295 13 5 4 217 8 4 , 211073.81324999995
5 219 13 3 4 91 12 2 4 209 13 1 2 210 1 8 3 75 18 8 6 286 19 7 3 125 15 4 , 189799.2614999995
6 228 3 8 2 168 11 5 5 215 12 4 5 206 14 5 6 217 10 6 2 174 11 3 2 89 8 8 , 147897.70049999986
4 221 15 8 1 311 15 2 3 195 6 2 4 180 1 7 1 197 20 6 5 158 7 6 6 232 1 4 , 126775.006
6 144 9 5 1 162 20 8 6 142 10 1 1 145 13 6 2 245 13 6 6 45 1 5 1 211 8 7 , 157487.08374999932
2 110 18 3 4 86 2 4 4 128 19 2 3 297 16 5 1 187 20 1 4 30 12 7 4 288 3 8 , 185309.47850000026
4 299 12 4 3 236 14 7 1 44 6 2 3 84 17 7 6 268 4 5 5 282 8 5 5 297 15 8 , 154465.9020000003
6 271 3 6 1 45 14 2 2 301 9 4 6 145 13 1 1 246 13 3 6 127 3 3 2 151 16 8 , 192511.6737499994
6 283 14 4 3 264 8 8 1 117 13 7 1 147 3 8 2 306 15 1 6 299 15 7 3 226 5 8 , 205313.58224999957
6 135 12 4 6 144 4 1 1 300 3 3 2 192 2 4 1 236 12 4 2 106 12 3 6 196 7 2 , 120521.12450000027
4 268 16 7 6 247 10 5 4 248 10 7 2 21 17 5 4 27 9 7 6 290 19 5 4 228 4 7 , 191158.2262500007
5 295 20 2 4 316 2 4 4 208 2 2 4 118 19 2 4 23 12 5 2 69 16 4 2 196 6 5 , 199407.55300000036
3 276 19 7 2 30 15 6 2 294 7 6 6 48 17 5 2 22 18 4 6 116 17 5 5 240 16 6 , 250377.55074999973
1 250 6 4 6 113 5 5 5 168 12 1 6 244 8 4 1 128 4 3 2 62 14 8 5 230 15 1 , 148683.5160000004
4 233 1 2 3 174 16 6 2 265 15 3 1 265 18 4 3 59 11 4 2 69 15 4 3 171 3 4 , 172076.01250000033
5 254 9 1 4 155 5 4 1 97 11 7 4 30 7 6 3 68 3 2 1 162 17 3 6 241 14 5 , 227996.19775000043
6 90 10 5 3 49 4 6 5 55 15 1 5 57 10 2 2 70 11 1 2 29 5 8 3 148 17 2 , 219890.89349999986
4 155 12 3 1 143 10 7 3 180 16 1 3 268 6 7 1 256 4 4 2 236 13 4 3 282 19 4 , 186911.74049999984
4 225 13 3 5 82 8 4 4 123 3 8 5 286 4 7 1 216 11 1 1 86 17 7 6 102 19 2 , 172414.10949999993
4 115 19 3 5 152 7 4 5 210 12 6 4 28 19 2 5 119 3 6 5 19 4 2 4 308 10 7 , 174419.22025000004
1 291 19 3 3 77 13 4 1 111 1 6 5 131 5 1 1 163 13 7 5 70 7 2 2 37 3 5 , 146357.5882500001
6 73 20 2 6 237 18 3 6 191 19 8 3 98 14 3 5 273 2 1 5 40 20 3 5 240 8 5 , 198609.43675000028
4 215 13 5 3 148 15 5 3 109 3 1 5 245 19 4 3 301 6 6 1 262 7 7 5 252 12 3 , 160424.03400000063
2 281 18 3 4 291 20 6 2 194 7 2 1 42 2 3 4 265 8 7 2 239 9 2 4 289 5 4 , 156195.96349999978
6 252 4 3 5 61 7 5 4 212 18 7 2 215 2 6 3 60 15 8 5 186 8 1 5 310 11 2 , 147813.43650000007
6 50 2 1 5 106 6 5 6 223 6 8 6 163 1 8 6 26 13 2 2 291 13 6 6 91 11 8 , 112985.66300000022
4 145 5 7 6 304 1 8 6 27 3 4 4 265 6 2 3 169 12 2 2 98 19 1 4 289 17 5 , 153577.09625000026
1 276 13 6 5 284 4 6 3 157 15 1 5 87 15 6 4 223 8 3 1 36 1 6 5 76 19 3 , 155856.64925000037
6 272 20 5 6 272 6 8 5 252 7 5 1 244 17 1 2 170 5 8 1 254 2 8 1 39 1 3 , 149078.8860000004
1 77 16 8 5 282 15 2 4 120 12 2 2 267 11 1 3 261 14 1 4 148 6 3 4 219 14 6 , 218254.9377499989
1 215 16 5 6 42 16 7 6 300 11 7 2 72 7 3 4 259 17 2 1 134 17 8 6 120 2 8 , 204218.90600000063
6 292 15 2 6 81 11 7 5 102 12 4 5 227 9 8 1 142 16 3 6 18 4 1 2 24 16 2 , 219713.0537500002
6 233 7 8 2 238 11 6 5 114 19 1 3 312 19 5 6 221 11 7 1 78 17 8 4 180 18 1 , 261224.82475000015
3 69 14 7 4 160 9 3 4 252 11 3 4 16 6 3 4 181 17 8 5 113 13 4 3 233 4 8 , 172176.63574999958
4 95 16 5 6 197 20 8 1 50 2 1 3 262 9 5 6 47 5 8 3 69 14 6 2 314 11 7 , 199348.92100000015
3 169 9 6 2 202 9 8 4 259 14 6 1 142 5 4 6 57 14 4 6 65 18 3 2 38 19 1 , 203769.73525000032
3 301 9 5 3 43 15 5 2 189 8 8 5 104 5 4 3 305 20 8 1 253 14 5 3 260 14 6 , 200390.83324999956
1 135 14 6 6 178 11 4 4 320 16 3 6 236 10 3 6 281 12 1 6 62 5 5 2 61 10 8 , 215571.79025000107
2 100 9 2 6 209 13 6 3 143 16 4 4 63 6 4 4 282 15 2 6 192 7 2 4 133 5 6 , 168494.30599999966
2 160 6 1 4 150 11 4 1 153 17 1 5 130 2 8 1 25 20 1 3 306 9 8 3 36 5 4 , 164848.27925000002
1 266 16 5 3 218 14 5 6 219 16 7 1 240 3 8 2 290 2 6 6 57 4 2 2 292 20 2 , 211905.51275000046
4 216 10 3 1 273 8 1 6 255 20 4 2 296 12 2 6 303 17 8 1 64 11 4 4 37 4 7 , 186978.3537499986
4 86 6 4 6 20 7 7 5 315 20 2 1 293 9 6 4 123 5 5 1 256 11 1 2 36 4 2 , 139876.67999999996
3 255 18 4 5 227 9 7 2 298 6 2 2 302 2 3 3 110 2 8 1 155 3 6 2 16 13 6 , 130685.25824999966
4 34 13 7 3 233 18 2 3 165 7 1 3 155 3 8 5 66 9 7 6 317 15 7 5 187 15 4 , 187469.98149999924
2 42 12 2 3 291 2 5 5 267 3 4 5 285 7 8 4 141 12 3 4 308 7 2 4 35 2 3 , 101046.65925000001
6 131 8 6 6 252 3 4 6 313 2 1 1 297 9 4 6 28 18 7 5 121 19 6 6 273 1 6 , 122300.67574999956
6 249 18 1 4 253 13 8 2 219 16 5 2 168 15 3 6 158 13 2 6 208 7 2 2 216 12 2 , 410152.1974999994
1 74 3 2 6 40 15 3 3 257 13 1 3 252 1 3 1 288 12 3 3 76 3 1 3 284 12 5 , 134124.06950000062
4 118 13 7 5 136 19 7 3 180 19 4 6 295 9 8 4 192 2 5 4 236 4 3 1 232 7 5 , 194158.74999999907
6 27 7 5 1 95 12 7 6 107 20 6 4 52 2 4 1 121 1 7 6 61 13 4 6 54 12 5 , 148152.42575000005
1 220 20 2 4 170 11 2 4 281 15 3 3 232 8 4 6 49 20 3 6 35 12 4 3 169 3 4 , 199581.04274999912
3 290 8 2 3 120 9 1 6 231 12 2 4 65 11 2 2 139 7 7 6 57 16 3 2 186 18 6 , 205534.80274999983
1 51 6 2 1 278 18 1 4 115 14 7 2 197 1 1 3 219 13 5 4 47 20 5 1 256 3 5 , 194040.82974999864
4 68 18 2 5 167 2 4 2 252 12 1 3 117 8 2 5 20 4 6 4 177 11 4 1 245 6 4 , 148753.67025000052
4 41 1 3 2 77 9 4 2 18 14 3 6 104 19 5 6 95 16 5 1 49 5 4 5 214 14 1 , 190535.39825000076
6 56 20 6 4 76 3 8 6 30 3 2 3 223 6 1 4 38 18 2 1 82 4 3 3 72 5 3 , 152764.91600000006
2 278 8 5 5 231 17 8 6 260 13 6 2 100 8 4 2 283 19 5 2 242 3 7 1 140 18 1 , 214962.5437500008
3 103 15 3 2 36 4 6 5 155 20 8 5 59 8 6 6 104 5 6 5 21 18 4 1 183 3 8 , 175146.55374999973
1 49 18 6 6 188 5 5 3 153 8 2 3 251 19 4 1 125 18 4 6 43 11 8 6 293 2 5 , 211718.56725000025
1 222 12 2 6 232 6 5 1 145 16 6 2 232 11 1 3 142 19 1 3 179 5 5 3 98 16 7 , 220795.4362499994
