1 195 6 7 5 75 3 6 1 319 8 6 6 20 11 6 2 68 20 6 5 220 14 7 3 276 2 8 , 113142.85625000008
2 229 14 5 4 240 18 2 6 263 4 2 2 237 11 4 6 285 7 4 5 185 16 6 6 90 6 6 , 151747.34574999992
2 307 10 6 5 85 14 2 2 91 2 6 3 212 11 6 1 107 16 3 1 184 16 6 6 74 2 8 , 128657.06375000051
5 19 18 7 4 188 9 4 5 108 14 5 5 142 18 5 6 39 20 1 3 187 15 7 4 214 2 6 , 177119.91249999945
6 204 15 8 5 40 17 2 4 25 13 8 6 319 9 5 2 212 11 8 6 41 19 7 1 122 8 4 , 184257.31924999977
5 22 13 5 6 34 6 8 6 158 5 8 6 77 9 5 3 310 18 5 1 58 14 5 6 152 6 7 , 134860.12525000022
4 206 13 5 2 150 9 5 2 169 2 2 1 143 20 7 1 198 17 7 2 147 20 4 2 21 10 3 , 180780.13824999993
6 292 15 7 5 115 13 2 3 81 1 3 6 282 8 1 6 304 13 4 5 150 6 3 1 207 8 7 , 124847.6227500002
1 110 16 7 6 213 1 2 4 87 5 8 6 116 14 6 5 156 2 2 1 221 17 1 6 109 1 1 , 117810.14525000009
2 112 4 1 4 41 14 4 1 166 7 7 4 195 13 5 1 96 17 4 4 154 7 8 5 297 18 6 , 163753.43300000054
1 53 17 7 5 42 18 1 2 232 19 8 6 266 12 3 4 70 13 5 5 293 2 6 3 185 7 7 , 184233.3744999998
5 86 18 6 3 260 20 6 1 59 3 2 2 130 19 1 5 116 15 5 2 110 18 6 5 58 6 3 , 222736.74099999954
5 63 6 5 6 23 9 8 4 312 4 5 4 173 9 4 3 111 6 4 3 134 12 2 6 107 13 2 , 136149.64324999996
5 18 18 8 3 36 10 6 5 210 5 4 5 212 15 8 2 315 5 1 4 104 19 5 5 172 19 3 , 225182.65474999885
4 75 6 6 1 294 13 7 4 148 16 3 5 220 20 4 6 92 20 3 3 95 10 4 3 207 1 3 , 211572.8139999995
6 229 10 6 1 67 19 4 4 67 20 6 2 296 6 8 6 256 10 7 6 186 2 2 5 55 11 5 , 171337.29949999962
3 219 2 3 1 214 13 7 4 32 20 3 3 157 1 7 5 135 20 4 2 38 4 4 2 307 14 5 , 160774.08324999927
3 24 6 5 6 248 5 7 1 58 5 3 1 162 19 7 6 258 5 7 2 188 6 4 4 146 13 2 , 162034.89024999976
2 117 19 3 4 177 7 2 3 278 12 3 5 300 18 5 6 138 16 5 4 273 2 6 4 223 19 7 , 214544.5202500004
3 132 1 4 2 191 14 4 4 193 4 3 4 123 19 8 1 273 7 4 2 258 17 6 3 114 19 1 , 225155.68800000002
1 46 3 2 4 256 16 1 6 90 8 8 3 284 13 7 3 276 11 1 1 90 5 7 5 199 10 3 , 183867.45125000027
4 130 5 5 1 177 17 1 6 256 7 6 6 248 12 8 5 112 4 2 4 120 2 2 4 70 5 3 , 109139.65999999976
5 129 19 6 5 126 8 4 3 316 13 5 2 181 3 2 2 74 4 4 4 278 8 1 1 163 2 6 , 125968.6032500002
4 98 9 6 3 248 16 5 1 155 17 2 4 294 5 6 1 288 15 4 1 112 5 2 4 50 5 2 , 147459.6277500005
5 162 11 1 1 35 10 5 6 28 4 6 1 124 3 6 5 44 17 4 3 124 18 1 4 58 17 4 , 238518.7229999997
5 17 5 1 5 18 20 3 1 184 5 3 2 98 13 3 1 39 1 8 5 119 12 3 6 298 12 2 , 153538.07650000005
5 165 13 1 4 274 19 7 4 133 8 3 6 122 2 2 3 142 14 7 6 142 1 8 3 162 9 6 , 215365.27749999968
5 91 12 1 6 66 1 2 1 152 10 8 3 153 2 1 3 58 19 1 6 253 12 6 2 25 10 3 , 156087.64999999944
6 61 12 4 1 139 17 1 5 72 8 2 6 168 18 7 5 129 15 4 6 121 12 5 2 114 18 5 , 234245.42674999937
4 173 17 1 6 79 16 6 3 101 13 7 3 63 15 6 5 155 11 3 2 140 11 2 4 207 17 7 , 300103.68849999923
5 250 8 7 3 183 5 5 3 286 14 5 1 320 1 7 6 17 15 4 6 49 3 3 5 134 17 7 , 143779.36450000005
2 18 3 6 1 305 15 7 2 64 14 8 6 181 9 3 6 230 17 1 5 170 19 7 4 87 7 1 , 191080.7507500006
6 307 18 8 5 218 6 1 5 29 14 6 6 24 14 3 2 37 13 8 2 134 2 8 4 245 11 5 , 176912.69649999973
1 229 9 1 5 222 5 8 2 248 17 6 2 293 1 1 6 286 1 8 6 253 15 3 3 293 14 8 , 163343.16574999978
2 101 14 3 2 22 14 4 4 155 17 8 3 53 9 5 4 197 2 5 5 318 5 4 6 88 4 6 , 165733.58475000024
5 263 5 6 6 193 8 1 1 239 3 7 3 239 16 2 3 190 20 1 3 241 6 2 3 159 16 7 , 177630.28175000055
3 225 11 7 4 242 7 5 1 211 18 5 1 142 6 1 3 81 20 1 2 201 11 2 3 73 17 1 , 242018.39599999992
3 161 20 2 5 305 2 2 5 141 11 3 4 98 10 7 3 201 7 2 2 186 11 6 1 206 15 6 , 195904.07049999898
3 41 19 7 3 201 2 3 6 47 4 8 4 59 18 1 4 239 1 7 1 72 20 6 6 35 10 7 , 214952.9242499992
4 151 1 1 5 243 14 6 2 304 9 1 5 30 19 3 2 233 9 1 5 269 19 4 4 231 11 4 , 216024.3344999993
2 66 6 4 1 185 18 5 2 222 16 7 4 272 12 8 3 221 1 4 3 233 2 3 3 53 6 7 , 130205.7444999999
5 209 9 6 5 50 9 5 3 112 9 6 1 293 4 8 1 252 11 4 5 156 19 4 5 296 10 4 , 160532.86025000009
3 227 6 4 3 251 4 5 4 20 8 3 4 89 7 4 6 265 12 5 5 156 18 2 1 269 2 7 , 125420.72225000027
4 55 5 8 1 79 9 2 4 226 13 6 3 319 4 4 5 200 12 6 2 190 12 7 4 214 5 4 , 124336.0027500004
4 50 2 6 6 229 17 8 6 284 9 2 1 312 1 3 6 249 11 4 4 224 15 5 2 316 15 2 , 147198.6572499994
5 59 20 5 3 260 19 1 1 283 9 4 2 134 1 1 6 112 16 8 4 283 13 1 1 308 10 6 , 194340.61649999995
1 116 17 3 2 71 15 4 4 262 1 3 4 38 15 3 1 87 15 1 3 67 2 4 3 302 11 1 , 177451.7002500005
1 177 14 8 4 304 7 2 3 92 20 7 5 236 6 1 1 17 1 2 1 41 4 4 5 272 9 3 , 145769.40399999957
1 55 13 2 6 92 2 5 4 165 3 8 6 218 11 8 3 283 13 4 6 55 7 4 4 275 10 6 , 141509.96049999987
4 241 11 1 6 81 6 5 6 302 16 5 5 211 11 5 3 137 7 2 6 147 13 4 4 63 12 8 , 261698.8182500013
6 174 4 5 4 314 6 3 6 161 6 1 3 175 5 8 5 234 12 8 5 67 18 2 3 201 12 1 , 145084.48450000002
6 203 7 3 6 62 14 6 4 214 10 5 6 144 15 3 4 201 19 3 4 286 14 8 4 97 4 6 , 192264.8895
1 244 6 6 5 240 16 8 2 320 4 8 5 283 5 8 6 49 5 8 2 300 20 4 2 146 2 5 , 134784.53499999986
1 274 16 2 3 285 20 7 6 226 13 5 6 127 18 5 5 166 8 6 4 309 9 8 6 161 14 4 , 234706.29125000013
2 309 3 4 1 292 8 2 5 182 19 6 5 288 10 7 2 202 4 6 2 251 11 6 3 218 10 4 , 167503.52900000106
2 143 16 3 3 309 13 3 6 289 10 2 2 157 4 3 2 316 4 5 6 53 3 5 3 248 7 8 , 149784.26250000062
6 123 8 4 6 281 3 3 1 223 11 6 3 134 1 8 1 182 1 7 4 241 10 1 4 138 20 1 , 120626.80524999984
5 262 16 3 5 304 4 2 1 130 8 8 6 87 20 2 4 181 1 4 5 126 10 2 3 64 9 3 , 173873.53850000026
6 194 12 4 6 65 13 2 6 31 14 6 3 170 12 1 1 221 7 7 5 115 7 5 2 96 4 1 , 171365.09549999906
1 57 16 7 1 268 11 1 6 126 2 1 2 56 8 2 5 182 15 5 5 184 11 3 4 163 3 5 , 160764.11424999955
6 105 9 2 4 167 13 1 4 175 4 8 3 211 3 4 5 207 7 5 5 260 5 4 4 317 10 3 , 125329.80449999994
3 169 4 8 1 120 2 3 4 251 10 7 1 61 12 5 6 312 19 2 3 70 16 5 2 209 10 7 , 166620.93600000063
5 81 13 4 5 189 15 6 3 218 5 4 1 119 7 1 5 217 6 5 2 211 19 4 6 146 20 7 , 171044.41500000033
5 33 20 4 3 177 17 2 3 153 20 4 3 288 15 4 2 183 4 3 5 287 9 7 5 215 10 5 , 199903.8340000006
6 202 10 3 3 61 5 6 1 159 1 6 3 77 14 8 4 219 3 3 5 287 10 7 4 61 6 5 , 107181.40924999991
5 96 18 5 6 72 17 4 3 113 5 2 3 246 4 8 6 195 15 8 5 79 1 7 4 39 13 4 , 185112.66099999985
2 177 12 3 4 107 18 4 3 63 6 4 1 291 6 6 4 225 12 5 6 265 2 5 1 113 19 3 , 154706.36599999972
1 66 17 6 4 288 6 4 4 309 9 7 1 149 4 2 3 34 5 4 5 204 20 7 5 142 19 8 , 170661.73275000017
3 196 19 6 1 300 1 8 4 240 18 5 4 109 20 2 3 189 8 5 5 241 1 3 2 285 1 6 , 146805.744
4 206 17 1 2 255 10 1 1 191 19 7 1 235 2 2 2 174 19 3 3 194 17 5 2 234 6 2 , 390517.4097499997
4 255 7 2 2 292 9 6 3 245 18 4 3 163 13 8 5 43 20 4 4 310 13 1 6 234 12 5 , 210892.21575000064
4 252 1 6 5 97 9 7 1 88 16 7 1 89 14 2 4 190 13 3 2 59 11 8 6 39 13 6 , 170380.97174999968
4 209 9 5 2 193 16 5 4 232 2 5 5 129 2 7 4 162 7 1 3 214 6 5 3 233 10 7 , 118161.45499999968
6 110 13 7 6 94 5 3 5 101 4 1 1 123 8 2 4 309 2 5 6 99 16 2 2 198 19 7 , 157840.92750000005
1 154 16 6 4 240 15 6 5 230 9 8 4 155 11 8 1 96 16 8 5 251 10 6 3 44 12 3 , 212861.5245000002
6 233 2 4 6 222 14 6 1 36 19 3 4 284 14 7 1 296 6 3 6 33 9 5 4 314 16 3 , 197617.5749999997
2 112 13 5 4 221 19 8 5 313 4 4 1 246 19 1 5 179 20 8 3 263 5 3 3 287 15 8 , 323903.256749999
4 70 15 3 1 218 13 5 6 201 15 2 3 196 11 4 3 174 20 3 6 201 1 8 2 207 11 7 , 198648.48800000007
4 100 4 8 4 178 20 4 5 110 20 3 5 318 6 2 3 153 18 3 1 144 7 6 6 240 1 1 , 185644.0632499996
1 59 14 8 6 145 14 6 4 109 8 5 4 59 7 1 5 129 4 4 2 24 3 8 5 309 12 5 , 148680.9927499998
2 191 1 1 4 235 6 3 2 73 9 3 5 305 18 7 2 91 20 2 5 193 3 6 4 297 7 8 , 147607.37800000026
2 80 19 8 3 189 9 6 5 311 17 5 4 113 10 3 5 108 16 6 3 283 20 5 5 31 19 4 , 226834.98174999983
2 54 15 2 4 172 18 1 3 40 17 6 4 135 6 3 5 24 1 8 1 157 16 5 3 218 9 6 , 180283.2729999992
4 99 9 8 1 194 17 7 2 272 11 1 5 215 5 3 4 123 7 7 6 66 15 2 3 40 6 7 , 135985.50024999998
3 246 8 8 1 41 14 4 1 232 13 4 4 163 2 5 4 63 1 2 5 212 15 5 1 312 16 5 , 145617.17499999987
1 246 13 3 6 318 19 4 2 26 9 6 2 169 16 7 4 150 12 3 5 34 18 4 2 292 15 1 , 218784.84100000045
6 203 16 1 5 150 19 7 1 313 8 2 4 118 13 8 1 289 6 6 4 85 2 4 5 179 16 8 , 353918.9777500004
5 153 6 4 3 308 16 4 6 211 11 4 4 38 3 2 6 215 3 2 5 227 4 5 5 97 20 8 , 145902.70125000042
4 216 12 8 5 22 19 5 5 202 1 5 1 188 13 1 6 135 10 1 5 189 2 3 2 288 3 4 , 129648.34199999973
3 240 12 6 5 218 1 2 3 46 6 8 6 95 1 8 2 166 3 8 6 101 14 7 3 161 5 5 , 99220.2225
6 20 14 2 2 235 11 1 6 317 16 4 1 305 10 8 2 270 3 5 4 100 11 5 3 270 7 8 , 162220.19999999888
3 192 19 6 6 166 7 7 4 161 17 7 3 64 6 2 2 308 15 1 3 238 6 7 5 83 3 1 , 177763.26674999972
3 183 19 1 2 278 18 3 5 159 20 6 5 200 18 5 3 200 19 1 2 237 17 2 2 269 2 3 , 331807.69550000195
5 263 14 1 1 299 15 1 4 238 17 1 2 290 10 3 5 114 11 2 1 65 2 8 4 263 6 1 , 435221.6270000008
6 93 7 4 6 243 15 1 5 151 10 7 2 176 20 7 6 61 11 3 3 236 13 8 5 89 14 6 , 199921.63950000022
6 111 19 8 5 319 18 7 3 156 12 3 6 154 16 3 6 21 17 3 1 96 3 8 5 251 16 1 , 236245.5865000002
1 137 19 8 3 196 12 5 1 283 6 7 6 158 17 7 3 54 17 5 4 175 11 3 5 246 15 3 , 250483.46900000083
3 67 1 6 3 261 10 8 6 44 17 3 3 256 5 6 4 45 18 1 6 160 17 5 3 214 2 5 , 175282.55750000064
2 170 19 3 1 58 15 8 5 195 6 3 1 98 9 8 4 123 10 7 2 209 3 5 3 36 5 1 , 182227.89150000014
2 21 9 6 2 92 15 2 4 238 2 2 1 214 14 4 2 125 16 3 4 282 11 5 1 55 1 8 , 181550.6314999994
5 170 1 2 6 245 19 2 6 314 17 7 2 128 5 8 2 167 4 7 2 34 6 7 5 209 15 1 , 135728.97150000028
3 221 16 8 3 296 6 1 3 146 15 8 6 114 18 3 4 89 13 6 5 191 1 1 2 40 20 4 , 169874.38400000025
1 197 14 6 3 49 14 5 2 65 18 1 3 37 16 3 6 66 8 2 2 44 8 5 3 116 15 4 , 197968.8175000002
6 235 11 7 6 250 4 1 2 145 3 3 1 259 13 5 6 110 16 7 5 95 16 7 1 161 11 8 , 146992.27200000026
6 186 19 1 5 74 1 6 4 107 14 1 3 37 20 8 1 275 17 6 3 24 10 2 1 191 6 7 , 331194.61350000056
3 271 15 4 5 196 7 1 1 138 6 4 5 153 15 6 3 246 14 5 5 252 20 4 6 196 1 2 , 161680.9142500002
5 132 5 1 1 297 17 1 6 188 15 6 5 205 17 8 3 50 20 7 1 311 7 6 4 83 20 3 , 267737.53200000006
3 90 5 7 1 72 15 5 2 240 1 2 1 230 16 3 6 140 4 5 1 226 4 1 6 61 16 7 , 150222.8957500003
3 232 5 1 4 198 8 6 4 63 4 8 3 98 9 7 4 230 16 4 1 200 13 6 3 276 9 8 , 158745.11125000013
6 217 15 2 3 261 5 6 2 49 5 1 1 165 14 5 3 31 11 2 2 158 12 1 2 216 9 3 , 175212.26074999975
1 70 15 4 3 275 1 4 2 60 7 4 2 199 2 6 2 288 2 8 6 306 1 4 3 222 16 7 , 111931.63225
1 226 16 8 3 255 9 2 5 42 20 4 6 57 20 7 5 269 18 1 3 237 1 8 6 38 6 7 , 201698.71100000048
1 112 11 7 1 74 17 2 1 182 16 4 2 227 14 4 3 158 15 1 2 264 4 4 1 99 20 5 , 217446.38974999994
4 204 10 3 3 284 5 8 3 199 4 1 3 279 4 2 3 90 6 6 3 151 8 7 6 71 7 3 , 113167.65074999997
3 183 1 6 6 259 4 8 5 26 18 8 2 151 3 8 3 309 1 1 4 184 15 4 3 24 16 2 , 129736.54274999961
5 211 15 4 4 34 2 2 5 71 9 4 5 25 15 1 1 183 6 1 4 233 8 6 2 186 4 8 , 138694.3344999998
5 195 13 7 5 199 19 5 5 139 2 3 2 71 12 8 5 110 19 5 1 98 4 5 6 303 12 1 , 202982.86200000026
3 56 17 8 5 237 14 2 1 112 11 3 3 96 15 3 2 64 15 5 1 19 16 6 6 202 5 7 , 224008.4800000006
2 235 5 5 6 308 1 3 5 118 10 4 1 127 9 7 4 319 9 7 1 221 16 5 4 110 1 1 , 183996.55199999973
6 293 20 6 2 197 3 2 3 230 8 5 3 227 5 7 2 73 2 7 5 76 15 7 6 72 11 6 , 161076.71975
6 128 4 6 5 128 6 1 6 19 1 4 5 246 3 7 3 94 6 3 6 307 9 8 3 49 14 1 , 115705.7605000002
6 110 15 1 2 183 17 4 4 65 15 8 2 23 2 2 3 245 3 1 3 103 3 4 1 279 18 7 , 181416.0720000001
5 143 3 5 5 317 5 6 5 36 12 2 6 255 16 7 2 49 1 3 2 86 16 4 6 267 1 8 , 113332.0670000002
6 283 11 6 1 68 16 8 6 160 4 1 5 169 14 4 3 39 14 8 6 46 6 1 6 78 5 2 , 164324.27450000064
6 167 9 8 2 18 12 8 2 234 18 4 1 211 12 3 4 26 8 5 5 36 15 4 4 85 19 7 , 198863.21074999982
3 220 12 1 2 45 4 8 4 199 20 3 4 240 10 4 6 27 11 2 2 152 19 2 5 106 19 6 , 253148.85325000025
3 181 15 7 4 85 2 1 3 283 4 3 1 188 2 2 4 319 15 8 5 258 17 8 5 146 18 1 , 178703.77424999909
6 191 8 2 3 207 1 7 5 48 8 6 6 250 18 4 1 192 14 7 4 200 8 5 4 71 12 4 , 180093.7119999997
5 148 14 3 3 182 2 4 1 283 8 3 1 303 3 1 4 272 3 6 4 71 9 4 3 64 4 3 , 97551.34425000004
2 298 12 1 1 95 19 5 5 167 5 1 3 146 10 5 2 284 18 1 2 31 5 2 5 215 19 6 , 231458.9232500006
3 177 1 1 3 244 1 2 2 193 15 3 3 220 8 3 4 210 16 4 5 233 20 6 5 239 11 4 , 160228.10599999916
5 223 15 3 1 268 4 8 2 212 10 7 4 147 19 8 1 218 18 5 6 29 3 2 3 158 4 7 , 172907.19974999983
3 132 17 2 2 39 5 3 5 123 15 1 2 226 5 3 2 138 6 7 1 300 18 3 4 74 18 5 , 213328.97750000027
3 187 8 1 2 16 20 8 6 129 1 5 3 171 15 5 2 128 13 8 4 132 2 2 4 220 6 8 , 162224.78175000014
6 72 11 8 1 51 7 1 4 31 11 6 1 168 13 3 4 81 2 8 4 70 9 2 6 311 2 3 , 130456.85425000018
4 293 3 3 3 41 11 5 6 129 12 7 6 278 2 1 1 310 1 2 1 169 15 3 4 79 3 1 , 102928.26349999996
5 256 6 5 5 255 9 4 6 159 3 8 6 40 1 7 1 152 19 4 4 103 12 5 2 136 5 2 , 142845.54499999955
1 307 18 8 2 132 6 1 5 33 9 6 4 160 12 4 4 163 17 8 4 301 3 7 1 288 18 3 , 200113.6817500005
4 290 19 4 3 42 20 7 2 231 1 1 1 201 6 5 1 268 14 8 1 298 11 4 5 245 5 7 , 192342.6142500001
3 256 10 3 6 83 9 1 1 204 14 8 2 259 5 2 4 62 18 6 3 173 2 2 6 171 6 2 , 163494.92750000008
5 196 17 7 1 176 13 1 4 83 13 2 2 81 15 7 2 31 17 6 1 25 9 4 6 215 10 7 , 206855.58124999993
5 140 1 1 5 251 8 6 1 234 12 1 2 145 14 5 5 256 10 2 4 214 3 6 5 235 6 2 , 108898.06999999993
4 225 7 4 1 70 4 4 1 186 15 1 1 131 7 8 6 167 17 5 1 287 9 3 1 220 9 8 , 138714.28674999945
2 264 5 1 6 57 1 8 5 58 14 3 5 95 12 4 3 285 11 3 1 96 11 1 6 117 6 5 , 193002.84999999922
3 172 10 4 3 308 15 1 6 70 19 6 1 91 16 1 3 140 20 7 5 238 9 8 6 228 2 3 , 188764.26625000002
4 287 16 6 5 132 13 4 5 69 11 1 1 239 4 7 4 229 17 5 6 110 1 6 3 120 14 5 , 175239.90975000086
1 215 1 3 1 266 8 6 1 171 10 8 2 16 11 5 6 200 13 3 5 219 4 2 2 236 6 3 , 119504.6110000001
5 145 10 8 4 159 12 6 6 113 7 7 1 258 13 4 5 239 12 8 2 118 1 4 4 98 7 7 , 142251.01649999947
5 86 20 2 6 207 19 8 6 98 3 7 4 312 1 7 6 302 11 7 4 252 5 6 1 135 8 1 , 155887.39925000025
3 182 18 3 5 286 15 3 1 154 18 4 4 300 13 2 1 90 12 3 2 105 5 2 2 221 5 5 , 224281.8287499992
3 193 8 1 4 196 14 2 6 266 17 2 5 225 20 1 4 80 7 5 2 27 4 4 3 200 6 3 , 305841.8324999993
3 234 3 4 6 190 17 7 3 28 9 8 3 157 8 4 1 166 12 7 2 272 12 7 3 183 8 1 , 221513.47549999936
3 309 6 3 3 24 11 3 6 167 1 8 1 106 20 1 2 98 2 7 6 183 18 8 6 158 7 8 , 163889.3987499998
2 209 6 4 3 309 18 4 4 230 20 2 1 121 11 3 4 222 4 5 5 97 4 7 3 135 7 5 , 166109.15224999998
6 52 7 2 2 172 6 4 1 81 15 4 3 130 16 6 6 155 12 1 3 100 8 4 2 195 5 6 , 163247.5982500002
2 132 1 2 1 227 5 1 2 296 13 7 4 39 17 3 2 310 19 4 3 226 1 4 5 307 3 8 , 145789.56374999933
1 108 2 7 3 299 20 5 5 149 4 5 5 225 16 7 2 32 20 4 3 17 3 1 2 77 18 3 , 214075.79725000035
1 32 5 7 1 261 1 5 1 308 6 3 5 98 19 3 5 21 11 6 3 226 13 1 1 87 2 1 , 156009.02424999993
2 298 19 7 4 282 7 3 5 40 14 7 3 97 8 3 2 123 16 6 5 98 3 5 2 124 9 4 , 185973.21849999958
4 278 19 4 3 237 12 7 4 113 15 8 3 272 18 3 2 198 3 5 4 72 14 6 2 276 3 4 , 206155.7132499999
5 304 11 5 3 44 8 1 1 241 18 4 2 177 14 5 5 127 8 3 2 107 15 5 1 225 14 3 , 168284.42250000028
6 305 13 1 6 216 7 6 3 73 9 5 3 124 12 5 3 184 18 3 1 52 1 7 6 277 8 2 , 370311.9027500008
6 231 9 2 1 176 9 5 3 309 15 8 2 299 10 6 6 124 18 8 5 106 18 5 2 268 8 4 , 201409.98675000048
4 21 10 6 6 197 2 8 3 232 8 4 4 178 16 8 4 288 10 7 1 245 1 1 3 136 11 6 , 117759.31999999942
3 54 2 1 2 231 20 3 5 91 1 7 1 214 12 3 5 284 12 5 2 127 7 8 2 85 8 6 , 135334.40800000026
4 149 3 1 3 186 3 1 5 252 12 1 1 111 8 8 1 20 11 4 1 316 12 5 5 60 13 5 , 272264.66425000044
3 141 9 8 4 18 12 4 6 75 1 1 6 230 6 4 4 199 7 5 6 34 10 2 1 150 6 1 , 118881.16199999984
3 233 4 3 1 23 19 3 1 131 9 8 1 189 18 5 6 77 8 1 2 314 6 5 4 149 14 2 , 177298.53400000048
6 128 6 8 2 306 12 1 2 161 5 4 2 219 7 5 3 84 8 4 2 38 10 3 5 54 3 4 , 123368.94625000007
5 20 10 7 6 18 2 4 1 75 11 1 6 83 8 3 6 52 17 2 1 36 14 2 1 298 15 2 , 173913.4930000001
1 276 19 2 4 261 9 2 6 36 11 3 4 105 19 4 3 205 4 7 5 270 3 3 1 311 11 6 , 194057.66775
3 232 8 6 1 39 12 4 1 247 12 8 6 145 16 8 3 317 4 1 1 170 9 2 5 230 6 7 , 149704.30475000094
6 276 8 7 4 198 13 4 4 142 11 6 4 122 14 4 2 119 7 2 2 242 17 2 4 119 9 5 , 198395.8244999996
3 26 1 8 1 198 3 6 2 100 20 2 2 188 8 4 5 96 16 4 5 202 10 3 3 165 4 4 , 166839.48574999996
1 87 7 7 4 259 6 1 4 280 14 7 6 67 3 2 5 56 12 6 2 92 17 4 1 73 13 7 , 184174.922749999
2 148 7 2 4 224 7 6 3 59 16 3 2 65 8 6 3 308 16 6 3 130 19 8 4 180 10 3 , 226620.37575000033
3 95 16 8 4 134 20 4 5 90 14 5 4 174 19 6 1 127 3 3 1 19 18 7 3 91 7 2 , 250894.7662500006
4 281 14 7 4 147 10 5 5 261 17 4 5 262 13 5 6 84 5 7 5 233 15 8 5 278 13 5 , 246728.3625000014
2 99 12 5 3 53 18 3 4 276 5 1 4 186 2 1 5 91 5 1 3 155 4 5 4 189 10 7 , 148675.99675
4 222 1 8 5 128 3 6 6 39 2 5 1 80 14 2 3 208 19 2 5 150 2 8 6 91 3 1 , 106014.1242499999
