1 159 18 2 4 105 1 1 2 48 4 4 4 241 11 4 2 82 10 8 1 170 2 3 3 28 13 8 , 125039.08124999983
5 240 16 1 2 288 5 7 5 300 14 7 6 37 14 4 2 57 8 6 4 95 5 6 4 182 19 8 , 391664.5447500002
5 201 3 1 4 54 16 3 3 56 15 8 2 207 16 8 1 158 4 1 6 117 15 2 4 162 11 3 , 172141.78899999967
4 56 4 3 3 103 6 4 5 191 19 7 3 127 5 8 4 289 9 5 6 228 18 3 5 169 9 3 , 151041.48325000016
6 57 3 8 3 132 18 4 5 45 16 3 1 224 7 5 3 262 4 4 1 283 16 2 6 243 3 8 , 182282.10125000033
4 147 14 3 4 211 7 2 3 186 11 8 6 90 15 6 5 225 18 3 3 268 4 5 5 106 16 1 , 209944.06975000072
5 188 5 4 5 252 7 1 4 64 12 4 5 187 8 1 6 316 15 1 6 294 7 7 2 238 7 8 , 126697.5257500002
4 42 11 3 6 194 18 1 6 201 11 4 6 21 5 8 2 316 8 1 6 67 20 7 4 136 15 5 , 195145.30450000038
3 49 2 3 6 248 16 8 4 63 17 6 5 301 12 6 2 198 18 4 5 297 17 5 3 27 3 6 , 191416.45475000096
3 305 16 3 3 74 8 6 3 288 8 5 1 222 11 8 4 52 19 3 4 231 1 1 6 276 14 5 , 182743.87950000018
1 155 14 2 2 168 18 1 3 293 5 1 4 230 11 8 2 319 13 6 1 292 19 3 2 265 6 1 , 206540.94674999936
5 171 19 1 5 258 4 3 3 197 10 2 3 32 6 1 4 241 20 4 1 162 5 8 2 73 9 7 , 282889.31649999967
6 43 18 4 5 296 12 8 1 170 11 7 5 212 1 7 1 319 17 6 6 176 5 3 1 86 17 4 , 185362.09574999992
3 224 6 3 2 147 5 3 6 151 2 5 6 107 14 8 6 109 20 6 2 87 11 6 1 48 17 5 , 185647.64524999994
6 171 4 5 5 23 4 2 4 298 3 6 6 246 3 7 5 37 20 1 2 151 18 2 4 257 5 7 , 135647.32899999982
1 74 15 2 3 84 14 6 4 81 10 2 5 26 9 2 5 310 9 8 3 126 20 8 6 192 15 4 , 217077.4397499993
3 315 6 1 1 316 7 8 5 163 2 1 1 170 16 3 3 245 16 8 5 165 14 8 5 38 18 5 , 224273.50875000018
5 83 20 7 1 279 14 1 5 270 1 4 4 290 13 4 6 169 9 1 1 303 16 1 1 93 8 2 , 190206.14525000012
2 175 19 6 3 133 6 7 4 59 11 7 4 35 3 3 6 235 18 8 4 247 17 3 2 48 9 4 , 220574.6955000008
2 269 16 6 1 27 14 1 2 47 4 2 1 180 17 1 1 193 9 5 5 298 7 7 5 55 4 6 , 203992.59975000058
4 196 15 2 6 209 18 1 3 21 3 3 6 48 9 2 5 297 15 3 6 150 5 7 4 281 17 5 , 201176.8607499997
3 287 3 8 3 128 5 5 4 66 20 6 4 166 19 3 3 262 11 8 4 107 11 3 3 119 15 2 , 177385.75075000004
2 202 12 1 2 137 4 5 2 104 6 1 6 283 9 8 4 197 10 2 4 142 20 1 6 155 12 4 , 193597.2679999998
2 270 6 6 5 89 15 4 2 238 10 2 1 45 6 8 6 246 17 5 1 80 19 5 5 239 9 3 , 181042.92124999932
5 263 11 6 2 147 2 7 1 136 9 7 1 35 4 1 3 140 8 8 1 92 20 2 6 285 12 6 , 216980.7845000004
5 291 4 7 4 176 16 2 3 224 15 5 6 312 14 4 3 171 15 5 1 304 12 7 2 232 16 1 , 203547.78075000094
6 114 5 3 3 16 19 1 2 298 20 5 4 202 5 5 3 84 10 7 5 293 16 6 2 135 19 4 , 197262.73150000008
1 296 17 8 6 235 20 8 6 208 5 2 2 302 2 4 2 99 2 6 1 34 3 4 4 154 2 1 , 116757.61300000008
2 75 13 2 2 179 8 8 4 127 12 2 3 195 15 5 3 172 20 5 6 248 11 8 3 56 17 5 , 210164.73824999997
5 244 13 4 5 46 3 5 1 141 10 3 4 300 8 4 4 151 20 5 6 263 4 1 5 276 19 5 , 211845.2379999999
3 236 3 3 3 91 11 7 6 309 12 5 4 283 7 5 4 61 3 4 2 37 8 4 5 245 8 5 , 129670.24449999975
2 26 13 2 4 202 12 7 3 243 16 6 6 255 7 4 3 77 11 4 4 242 9 7 2 301 15 8 , 192101.6810000004
3 65 8 8 4 71 15 4 6 115 18 7 5 150 9 6 5 61 12 6 6 35 5 6 1 222 10 5 , 185899.33874999936
1 71 2 2 2 267 1 8 6 273 9 4 1 98 5 7 6 136 9 8 1 201 4 1 6 271 3 5 , 80279.50024999987
1 82 12 2 5 69 13 2 1 206 4 5 4 68 15 8 1 313 6 4 1 51 20 8 4 84 7 8 , 189828.0885000002
2 56 3 3 1 189 2 4 5 80 9 7 6 299 9 8 2 142 14 8 2 48 20 8 4 20 16 3 , 183681.6972500002
2 168 19 8 2 248 4 7 1 264 12 8 1 214 17 2 3 105 19 2 5 93 6 4 1 288 11 3 , 215277.86349999928
1 81 3 5 2 123 7 3 6 271 3 2 1 215 7 2 6 307 13 7 1 98 11 7 2 239 17 2 , 139819.15275000033
4 251 10 2 6 86 3 6 1 77 10 5 2 158 6 4 1 52 16 4 2 157 8 4 6 23 20 3 , 189257.52600000013
1 241 10 2 1 78 1 5 6 29 18 5 6 77 3 5 2 281 9 4 2 78 8 2 5 171 11 2 , 153477.4020000002
6 196 16 2 5 131 9 4 5 252 12 6 1 242 3 5 2 60 14 8 6 234 1 4 4 110 6 3 , 137184.8020000002
3 85 14 4 1 278 18 5 4 105 1 8 2 229 14 4 1 112 13 2 3 232 16 1 4 274 5 7 , 163235.19724999968
6 269 10 1 4 84 8 5 3 201 11 4 3 136 11 2 5 248 2 8 3 179 8 4 1 146 11 6 , 251027.84450000004
5 43 4 5 5 134 16 4 4 87 4 8 4 275 19 1 6 48 11 2 4 112 14 2 6 150 19 3 , 189348.2824999999
6 135 5 3 6 309 3 6 5 172 11 7 5 226 12 4 4 197 19 7 2 127 11 4 4 311 20 7 , 211958.9270000006
6 26 20 5 3 125 2 5 3 236 9 8 3 239 14 3 5 252 12 6 6 84 8 6 1 216 13 1 , 173980.21950000053
2 278 10 2 1 78 19 5 2 132 14 8 4 164 20 4 5 49 11 1 6 119 5 1 4 26 2 7 , 177696.63850000018
6 80 4 6 2 248 2 3 1 126 16 6 4 129 1 6 4 277 19 1 1 96 13 4 3 54 3 6 , 125785.3489999999
5 210 12 5 3 53 14 2 3 261 13 4 4 129 13 4 4 303 20 7 2 28 13 8 4 105 8 6 , 251242.54474999945
6 318 11 1 6 26 7 6 1 240 13 1 1 182 1 1 5 216 11 4 3 280 17 5 2 144 6 4 , 362826.55974999996
2 19 10 8 1 261 6 6 2 144 5 8 4 164 10 7 1 317 14 2 1 125 7 5 2 266 4 2 , 129945.56474999984
6 211 2 5 6 149 18 6 5 71 19 1 5 136 11 3 3 201 12 4 2 173 16 7 1 46 2 6 , 170788.48625000007
5 209 12 2 3 245 7 3 5 25 6 5 3 132 18 1 3 220 17 6 4 84 13 8 4 289 19 5 , 215631.67775000032
6 268 4 4 5 249 4 6 5 57 2 6 3 199 19 4 4 143 16 5 1 197 6 8 6 19 7 3 , 127647.36500000017
5 201 2 5 5 238 12 6 3 313 11 4 1 36 20 6 2 252 14 3 3 114 9 1 6 147 7 7 , 164752.43349999978
2 175 18 4 2 207 3 7 3 205 3 4 4 41 4 1 5 172 6 7 5 233 1 8 4 237 4 4 , 102243.42450000001
2 156 1 5 3 76 17 4 5 231 19 7 5 75 9 3 2 74 8 7 1 254 1 5 1 297 1 5 , 140337.7090000002
4 198 16 5 1 288 13 2 4 268 1 4 6 207 4 3 2 170 15 8 2 126 2 3 5 175 14 3 , 166634.0062500003
5 291 4 3 5 94 16 7 2 90 5 3 3 181 2 8 2 221 17 1 3 227 6 4 4 167 15 3 , 142391.86750000008
3 50 1 6 1 165 6 7 5 115 7 8 6 131 10 4 1 86 1 5 4 130 19 1 1 155 2 4 , 134989.08000000022
4 230 7 2 6 278 8 7 2 313 17 5 5 123 11 4 4 73 1 6 4 119 14 6 6 232 19 8 , 156773.64425000048
1 261 12 5 2 320 17 7 3 76 14 6 1 215 20 5 4 104 4 7 3 182 4 3 1 231 5 4 , 151210.61874999973
5 162 20 8 2 130 9 7 4 149 5 6 5 131 7 2 6 287 1 1 1 57 12 5 3 286 5 4 , 127189.77900000001
5 320 13 7 5 46 5 1 5 217 20 7 3 139 13 4 2 51 6 1 5 24 9 2 1 261 19 4 , 180468.17724999978
5 174 18 6 6 22 13 5 1 295 20 4 4 53 14 5 6 253 11 2 1 304 3 3 2 162 9 4 , 187812.38374999995
1 98 3 2 2 274 9 5 2 178 12 4 1 119 7 3 1 112 11 7 4 111 20 6 3 158 4 7 , 150961.5922500005
6 317 13 3 6 51 13 8 5 121 17 5 2 257 12 7 4 83 9 3 6 94 8 3 2 247 1 3 , 186134.2130000006
5 61 14 8 5 120 18 3 1 77 10 4 6 64 9 5 2 167 18 7 6 114 7 3 4 288 13 2 , 200649.5147500002
3 265 8 2 2 96 10 6 5 155 15 7 5 237 18 4 4 120 10 6 3 146 9 2 3 240 20 3 , 199989.90250000046
2 214 4 1 6 276 15 8 2 253 15 3 1 84 11 1 3 211 13 7 3 188 20 8 3 243 19 5 , 244127.4967500005
5 207 9 2 4 49 12 5 6 236 12 2 3 22 5 7 1 131 12 4 1 179 18 1 3 136 14 4 , 178035.07375000053
1 76 1 2 3 49 18 3 2 60 2 3 6 126 11 4 5 171 6 2 3 140 10 1 2 299 6 3 , 119400.47825000019
1 55 1 6 5 39 10 5 1 293 10 1 6 142 13 7 3 238 8 8 1 153 2 7 5 181 3 2 , 113390.45425000036
2 135 18 2 4 284 6 1 2 195 1 4 6 111 12 4 4 230 5 5 1 106 17 3 1 171 14 2 , 176072.54124999972
3 20 20 4 2 163 9 5 2 116 14 7 6 102 4 1 4 268 18 6 2 199 6 2 1 32 20 5 , 249258.48899999936
6 16 4 1 2 92 19 6 5 312 7 4 3 306 5 2 3 169 16 1 2 72 2 8 4 291 12 4 , 165409.7572500002
5 233 4 7 6 130 18 8 1 288 3 4 6 192 13 1 5 261 19 7 2 241 2 3 5 258 3 4 , 155187.54125000027
4 145 16 1 3 48 15 1 5 205 9 4 2 115 10 3 3 75 6 6 6 90 16 3 4 205 13 6 , 266549.97300000075
4 86 18 7 6 151 6 4 4 56 10 3 3 57 12 2 2 219 19 1 3 145 4 6 2 143 20 1 , 302726.1085000007
3 233 12 6 4 91 16 2 1 311 19 8 2 97 19 6 4 152 5 4 4 250 20 2 4 86 12 4 , 258610.97149999917
5 217 13 5 4 256 9 8 4 59 20 6 2 143 7 4 4 253 14 4 2 265 3 3 3 285 10 8 , 178580.12324999954
1 85 2 3 3 16 11 3 4 280 13 7 3 30 16 8 1 225 3 5 4 116 1 2 3 90 1 4 , 99592.97025000006
3 118 7 1 4 197 7 5 2 41 7 8 4 205 3 3 1 114 9 3 3 84 1 5 3 89 17 1 , 110680.63175000015
6 233 2 7 4 125 12 8 6 283 1 1 2 111 5 1 5 36 14 3 4 182 2 1 5 57 19 5 , 128742.58974999997
4 146 18 8 2 164 12 7 6 46 1 5 5 204 6 5 4 146 6 6 4 164 11 1 3 91 16 2 , 139439.79800000004
4 65 18 4 3 179 13 2 3 134 3 1 5 193 16 8 3 157 20 5 5 158 13 7 2 315 1 5 , 197775.28675000073
1 231 9 8 4 33 19 4 5 123 3 4 5 36 5 4 5 18 17 7 4 187 6 3 5 67 3 8 , 157058.15275000007
2 139 10 6 6 218 6 4 2 33 2 1 1 27 19 4 5 79 6 4 1 270 5 7 4 230 8 1 , 129487.5549999999
6 137 13 1 2 232 3 5 6 316 14 6 6 78 7 8 1 230 20 6 4 175 6 1 1 86 18 4 , 260355.01224999994
6 191 17 4 5 299 18 1 5 213 4 3 5 226 2 2 2 56 1 1 5 95 12 8 3 81 5 7 , 145102.29750000004
4 209 20 4 1 256 8 5 6 219 14 8 4 275 2 4 1 249 18 6 2 55 6 4 6 187 2 7 , 160614.72600000046
1 69 17 2 2 230 13 2 6 203 14 5 3 47 4 6 5 101 6 2 2 140 2 5 2 39 8 8 , 143183.43450000012
5 102 19 8 6 253 17 7 1 68 2 2 1 98 4 4 1 129 18 7 4 267 11 3 4 78 10 2 , 177311.55549999984
6 39 10 8 2 150 14 5 4 63 7 4 5 147 8 4 5 90 2 6 6 182 6 6 5 146 8 2 , 126018.29400000013
4 149 12 7 3 24 19 2 4 272 11 7 1 209 20 2 5 50 19 4 4 107 8 4 6 20 6 2 , 230574.75825000062
5 243 19 2 3 196 2 6 3 205 4 5 5 19 7 4 3 181 19 4 4 64 14 5 6 94 12 2 , 217210.28050000087
3 180 4 8 5 167 17 5 6 157 7 8 4 258 10 3 2 135 18 2 2 260 19 1 5 27 17 3 , 216193.13099999915
4 255 12 6 2 253 18 6 2 199 5 5 6 138 14 3 3 257 12 3 5 295 11 4 6 135 1 4 , 190600.4227500001
2 314 7 7 4 304 19 6 6 203 20 3 6 67 8 4 1 31 7 1 1 206 18 1 2 77 20 3 , 245714.38425000082
2 170 19 3 3 253 15 2 6 40 17 1 2 33 1 1 1 221 13 4 6 81 16 6 3 142 12 6 , 239397.1269999987
4 50 16 1 6 288 17 7 5 153 15 6 5 209 17 3 4 91 17 3 2 191 7 7 6 244 10 6 , 205703.6982500003
3 173 10 5 1 187 1 8 2 287 8 1 4 168 9 7 4 27 17 2 5 58 1 1 3 197 14 4 , 115475.87525000048
5 218 10 8 5 107 16 8 6 97 19 5 1 163 9 5 4 303 6 8 6 87 3 8 1 140 15 2 , 169279.04224999988
4 224 19 6 4 124 13 4 4 103 13 7 2 116 7 7 5 24 9 2 4 143 3 4 2 116 2 7 , 146794.5467499998
1 25 3 6 3 89 20 2 1 195 17 2 6 249 5 3 2 224 17 8 6 124 3 1 2 30 19 2 , 177968.75025000022
3 61 20 3 3 302 1 8 1 23 17 1 1 31 13 3 1 264 19 5 1 199 14 7 4 146 17 5 , 322349.1425000002
3 22 10 7 1 197 12 5 1 29 5 1 4 82 6 3 1 57 8 4 6 42 8 4 6 65 14 6 , 144641.3294999996
5 31 1 5 3 310 1 3 6 271 19 4 6 207 17 3 6 94 9 6 3 141 2 8 2 93 2 7 , 119337.97774999983
2 122 14 7 3 38 12 4 4 49 7 6 1 300 16 2 2 284 11 1 5 165 18 7 3 301 7 7 , 185487.41100000046
2 293 1 5 4 68 13 2 5 127 13 3 6 315 17 1 4 162 4 1 6 250 19 4 1 39 9 7 , 183238.65599999952
1 128 12 5 2 287 1 5 3 258 1 5 5 227 19 1 2 93 8 8 5 52 2 6 4 158 6 4 , 144737.9192499998
4 159 15 5 1 54 7 1 1 218 9 2 3 231 18 8 6 250 4 7 2 169 12 5 6 214 14 3 , 177787.7322500003
2 234 7 1 1 221 5 8 3 23 13 4 4 198 1 6 5 256 20 3 6 31 3 6 3 130 8 8 , 140517.92975000004
1 132 5 8 3 131 7 1 3 291 10 4 4 91 9 6 1 120 7 8 3 136 5 2 3 200 11 2 , 125114.0915
2 179 16 2 6 317 17 1 6 171 9 4 5 284 12 5 1 136 20 4 2 162 1 2 5 109 9 1 , 260516.60100000072
4 179 1 1 3 195 14 7 4 188 5 7 4 181 2 8 6 183 13 8 5 51 15 2 6 92 3 3 , 128846.2650000001
6 137 1 7 3 293 15 6 5 143 9 2 5 206 14 7 6 228 12 7 2 312 9 1 3 88 11 4 , 210904.02875000003
1 317 4 2 1 29 13 6 5 260 6 6 5 127 15 2 6 219 6 1 3 145 19 8 4 134 3 5 , 157802.1117500003
2 193 18 5 1 272 2 2 2 278 19 7 6 96 1 3 1 77 8 1 6 183 6 7 3 176 3 5 , 181494.6145
1 265 6 3 5 237 11 7 4 134 4 8 4 203 10 1 2 278 12 6 1 36 8 8 4 195 14 6 , 159141.45224999974
2 21 12 7 3 301 9 7 3 103 14 4 6 111 18 5 4 269 4 6 3 146 1 6 4 52 19 2 , 165496.8987499997
3 46 1 8 5 132 18 1 2 244 16 3 4 274 6 1 5 82 13 3 5 129 7 7 3 162 11 2 , 242756.175249999
5 257 16 1 3 195 13 5 6 126 14 6 3 183 14 7 2 207 1 7 4 218 1 7 2 183 11 2 , 309870.54674999986
1 109 5 8 3 46 16 8 4 154 10 5 6 260 3 3 4 108 18 8 2 229 10 1 5 161 18 1 , 152767.20425000004
3 100 2 6 4 72 17 1 2 302 20 7 3 106 12 4 5 151 12 8 6 177 8 1 3 62 8 6 , 180333.34525000068
5 18 20 3 5 221 10 6 4 208 16 1 6 302 19 5 5 209 14 8 6 168 11 2 4 130 2 3 , 210419.037999999
4 199 7 2 6 117 11 8 5 215 4 5 3 214 10 1 3 275 13 6 3 34 19 4 1 107 19 6 , 205108.25449999984
4 261 15 4 3 176 19 2 5 53 11 1 6 179 15 8 4 202 15 4 1 117 18 7 5 181 3 8 , 201264.4340000003
3 68 4 5 3 286 5 1 2 219 3 1 1 152 12 7 2 152 5 1 4 133 2 1 4 107 11 8 , 98932.66100000005
2 191 6 6 6 34 13 8 5 55 20 5 3 252 6 7 3 43 9 6 6 177 7 8 4 173 18 6 , 188963.0567499999
4 57 20 1 5 313 7 3 4 74 12 6 5 254 11 3 2 210 11 4 3 109 9 3 4 45 10 7 , 236175.7450000006
5 198 10 5 6 212 9 2 6 231 2 6 5 304 17 3 1 181 20 4 3 252 16 7 1 120 8 7 , 188088.76850000012
6 126 5 8 4 268 1 1 3 289 19 8 6 312 19 7 5 262 16 3 2 118 9 7 2 315 2 1 , 174388.32999999973
6 38 12 7 2 225 5 4 1 143 16 1 3 182 13 3 3 276 16 5 6 125 19 3 5 315 14 1 , 214518.4087500007
4 284 19 3 6 155 13 2 6 183 2 2 3 62 20 3 4 282 17 5 6 36 4 1 2 138 15 2 , 220383.95350000067
1 285 14 6 2 167 17 7 2 165 7 6 1 53 19 6 2 16 4 7 5 229 1 4 1 113 10 8 , 185971.99349999992
6 155 13 7 2 16 6 4 1 76 19 4 3 66 18 4 6 188 8 3 4 190 14 2 6 193 13 1 , 204561.9640000004
2 232 14 5 4 199 1 4 6 174 3 4 3 265 12 2 4 153 3 3 3 159 9 3 1 178 9 7 , 144447.65449999965
6 287 20 8 2 297 19 3 3 65 17 4 2 221 8 6 2 198 6 8 3 113 9 2 2 262 11 5 , 220826.9747499996
4 68 12 3 4 184 2 1 1 199 9 1 5 234 5 4 5 170 1 8 6 172 8 5 6 200 19 8 , 144019.78350000008
4 284 11 7 6 210 13 5 6 189 10 7 5 181 3 7 2 140 15 2 2 80 4 3 4 257 7 7 , 133672.50399999984
5 177 18 6 2 247 6 4 6 291 19 3 6 182 11 2 5 20 11 4 6 103 9 4 1 227 8 1 , 180775.34725000017
3 173 5 3 3 142 5 8 6 283 14 7 6 181 15 6 4 319 1 8 4 55 7 1 2 114 15 6 , 135481.51299999983
4 109 16 2 5 63 19 8 6 39 5 2 3 106 10 2 5 19 14 2 3 97 19 2 2 279 11 1 , 196519.9092500002
2 47 1 5 1 44 6 2 2 230 10 8 2 101 17 8 5 75 9 4 6 277 10 8 6 304 18 7 , 149988.28324999986
2 194 15 2 2 17 7 6 1 20 12 2 2 221 13 5 5 247 14 2 3 268 18 2 1 191 4 3 , 241861.44100000017
5 109 7 7 2 267 14 1 1 212 16 4 3 250 17 2 2 194 11 2 1 264 3 7 3 185 2 3 , 165550.68300000054
1 301 6 3 2 178 15 6 3 47 10 3 1 63 15 1 2 153 12 2 5 227 8 7 6 291 3 2 , 158475.5324999999
2 250 20 4 3 19 9 7 6 291 14 8 5 86 2 6 3 186 9 4 4 222 19 6 5 62 10 4 , 198603.5497500005
6 292 1 1 4 51 17 7 1 262 13 2 1 277 11 3 4 301 20 1 3 224 20 2 1 233 6 7 , 211525.60575000092
2 220 9 5 5 278 15 2 3 232 8 5 6 318 16 2 1 111 13 2 5 129 17 7 6 275 6 7 , 184753.7067500002
5 281 10 5 5 309 12 5 4 104 17 3 6 249 1 3 4 23 11 4 6 53 5 3 1 106 8 8 , 141102.3725
6 162 7 1 3 128 3 6 6 208 3 4 6 48 6 3 6 212 3 1 6 79 12 4 5 182 2 2 , 108501.41675
4 120 3 4 1 98 1 4 2 311 12 4 4 116 2 8 3 107 7 7 2 162 11 2 1 26 12 3 , 126583.06000000003
2 200 1 7 3 163 1 8 1 34 9 7 1 21 5 4 1 300 3 6 3 149 5 2 2 118 11 1 , 104487.28549999997
6 188 9 1 5 77 9 1 2 110 19 3 1 52 5 2 5 204 1 6 5 22 1 1 2 147 2 4 , 181544.56199999986
3 30 13 1 1 294 3 6 2 127 16 8 1 142 1 4 6 298 15 6 2 92 15 1 5 243 4 8 , 166494.55274999957
2 143 1 5 3 193 6 8 2 247 7 3 5 77 2 2 1 220 12 1 2 176 8 7 2 200 8 1 , 103265.04499999997
1 115 20 1 1 91 16 8 3 252 4 6 3 251 13 3 4 38 1 1 3 101 19 7 5 42 5 3 , 203759.08749999924
3 137 13 4 5 113 2 5 6 19 3 4 4 247 16 7 2 113 13 7 1 116 3 4 1 287 11 6 , 149594.7507500004
6 171 6 2 3 93 9 3 5 214 9 6 1 252 10 1 3 97 17 4 4 249 17 7 2 224 16 6 , 163012.15024999942
1 168 20 8 4 308 16 2 3 44 4 3 4 98 6 5 2 299 9 8 2 85 14 3 3 59 13 6 , 166316.7192499996
6 222 12 4 6 83 5 3 6 157 6 3 1 275 4 4 4 44 19 1 1 194 10 6 5 201 14 5 , 222621.6754999994
5 286 18 5 2 92 10 1 6 274 5 7 1 28 7 5 3 151 13 8 5 105 15 6 2 260 11 3 , 170546.37600000013
5 225 6 3 6 170 20 2 4 113 10 4 4 264 1 3 2 76 7 8 3 101 17 7 5 241 7 2 , 162935.1365000005
3 50 9 4 4 118 18 2 2 175 1 7 3 281 15 2 1 294 7 6 6 131 1 7 4 40 12 4 , 156117.15324999968
4 92 1 1 2 215 12 2 4 157 12 5 1 32 3 7 6 25 13 7 6 199 1 2 5 171 14 2 , 124438.3405000002
4 160 9 2 1 70 1 7 5 320 2 2 5 27 5 5 6 106 6 4 3 213 14 2 3 209 16 8 , 125163.26249999995
2 88 6 5 4 71 20 6 5 32 10 6 2 101 14 5 5 223 20 2 5 51 16 2 6 192 1 5 , 199624.7462499998
4 98 14 1 6 264 5 7 1 212 1 7 3 19 19 5 6 253 7 6 2 182 19 6 5 297 12 6 , 173261.24774999992
1 154 10 1 1 26 3 3 5 249 19 5 6 52 4 1 5 288 16 7 5 64 5 5 2 16 10 8 , 155609.66824999952
3 191 1 5 4 176 16 2 6 176 7 7 5 122 2 6 5 32 14 7 6 230 16 4 6 27 14 5 , 159238.65600000005
3 130 10 2 5 228 7 2 2 237 4 3 5 292 3 6 3 25 15 2 6 215 18 4 6 199 6 7 , 166359.02325000093
6 79 1 3 1 51 1 4 3 167 1 2 4 34 15 4 3 316 3 8 1 193 10 2 6 153 17 3 , 104846.56175000004
3 251 8 4 4 269 1 3 5 121 9 1 1 305 19 4 5 167 14 3 5 94 1 4 2 26 19 7 , 170426.62050000043
2 198 12 5 5 81 4 4 2 268 10 1 2 105 10 8 6 90 16 3 6 19 10 4 1 265 1 5 , 151149.42575000032
3 301 7 2 1 56 9 3 5 284 14 5 2 166 10 3 3 17 1 5 2 279 5 4 1 22 13 1 , 147573.32499999998
6 238 7 4 2 79 15 8 5 280 5 1 2 84 19 5 3 17 20 2 3 39 3 6 5 255 18 1 , 234117.6369999985
5 230 5 7 4 73 8 3 3 194 5 5 5 256 19 8 2 273 14 3 2 294 16 4 5 200 6 6 , 161702.37100000033
6 66 2 8 3 141 11 3 3 96 16 5 2 178 14 2 2 117 10 3 1 298 12 2 1 227 12 8 , 196148.05600000022
6 232 15 2 3 283 13 8 1 245 5 5 5 129 8 3 1 173 15 8 1 243 4 3 1 114 18 4 , 183821.34699999978
1 166 12 1 1 178 12 1 6 320 7 1 6 207 6 3 1 73 10 6 4 119 5 5 4 141 3 2 , 264731.25499999983
5 250 7 4 1 18 2 5 1 99 16 7 5 259 13 8 2 202 7 7 3 212 1 5 3 211 10 2 , 115304.76049999997
5 187 13 7 3 45 19 1 1 229 1 1 1 116 19 1 4 29 13 1 6 143 15 1 6 320 4 6 , 200041.16725000067
1 258 1 3 2 232 16 3 4 110 9 2 4 189 19 7 6 216 19 8 1 303 9 5 4 296 1 7 , 161549.61325000023
5 212 13 7 4 166 6 5 2 207 4 1 2 72 2 6 4 83 14 4 2 309 12 4 5 89 3 2 , 129694.78999999982
2 285 3 3 5 35 16 8 1 102 5 3 3 49 2 1 6 234 7 1 1 227 8 7 3 26 4 2 , 111059.64974999998
3 153 20 8 1 308 7 1 3 248 18 8 4 208 8 7 2 174 10 8 6 172 2 2 2 74 20 2 , 207136.09199999986
5 235 8 5 2 318 15 5 2 257 6 1 6 181 14 6 3 112 3 7 6 32 12 4 1 267 5 2 , 185493.71050000013
5 36 1 1 2 198 9 7 6 195 13 1 5 251 4 5 3 231 8 8 3 238 19 8 2 110 4 1 , 139389.44549999986
2 104 7 6 6 107 10 1 3 25 2 6 3 94 5 8 6 177 16 6 5 213 13 5 4 316 1 1 , 119118.07850000005
2 316 20 7 3 297 8 7 1 317 16 4 2 199 5 5 5 66 5 6 1 113 9 1 6 296 8 8 , 208159.02825000032
3 303 5 1 3 192 13 1 2 171 6 5 4 115 12 6 1 249 8 5 4 287 6 8 6 307 14 4 , 210058.12950000126
2 161 13 2 3 97 12 5 4 52 15 7 5 269 9 2 4 205 14 2 5 102 1 1 2 147 8 3 , 168898.23325000037
1 156 6 2 4 171 3 1 3 252 12 6 5 218 4 5 2 259 6 1 6 33 18 2 2 26 5 3 , 126583.64849999962
5 157 17 8 6 121 14 4 4 147 2 1 3 152 6 7 6 214 6 2 4 257 4 3 3 65 18 1 , 147434.8744999998
6 227 6 5 1 55 14 6 2 64 12 6 3 213 11 2 3 199 17 5 6 307 4 1 6 84 15 7 , 179948.99475000007
6 127 8 5 4 82 20 2 5 47 12 3 5 282 14 1 1 185 3 8 2 275 8 1 5 90 13 6 , 189680.8655000004
5 110 18 8 3 72 5 2 4 179 5 6 4 237 1 5 2 20 3 2 6 88 12 1 1 140 20 7 , 146257.1589999991
3 87 2 4 3 300 16 8 6 188 20 2 5 106 20 4 6 228 2 5 1 91 8 2 3 271 19 3 , 198576.47075000027
