5 66 2 1 5 39 9 8 4 216 20 4 3 275 1 3 4 225 8 5 1 310 5 2 5 120 8 4 , 120032.22149999988
2 177 8 2 2 53 15 2 6 190 3 2 3 228 10 1 4 168 13 6 5 266 3 1 5 43 7 4 , 141869.1972500002
6 17 8 3 1 23 18 3 5 237 16 1 5 183 6 7 4 46 19 3 3 270 18 5 3 247 15 5 , 233732.175750001
1 262 11 1 5 48 2 3 3 223 1 4 2 204 17 5 3 99 1 5 6 173 11 2 1 227 6 7 , 144610.98800000022
1 214 6 7 4 286 1 4 6 319 18 1 4 300 9 3 5 101 14 8 5 201 15 2 1 77 2 4 , 157074.56374999968
1 204 10 3 5 105 19 2 4 313 9 2 1 147 2 1 1 225 17 3 6 102 13 8 3 123 7 5 , 160025.2247500007
2 30 1 4 6 99 2 4 5 277 14 6 5 302 3 3 3 240 19 7 1 208 20 7 2 57 10 1 , 146161.13349999956
2 58 16 1 5 169 10 1 1 24 8 3 5 50 16 6 2 180 4 7 4 314 2 3 3 72 18 3 , 254184.34699999995
2 151 1 2 2 245 1 8 6 152 10 5 3 226 2 1 2 207 9 1 4 216 19 4 5 269 2 1 , 114954.87974999992
5 72 12 4 3 118 8 7 5 59 9 3 2 21 20 5 3 139 8 7 2 29 14 8 1 157 17 5 , 233421.4402500008
4 268 18 2 3 78 17 4 1 163 17 7 4 70 3 2 3 91 13 2 4 113 20 8 3 43 13 2 , 219715.5030000012
5 129 18 4 5 28 5 5 6 102 14 5 3 161 6 5 4 310 1 3 4 225 15 1 3 174 3 1 , 164734.18999999962
3 207 10 5 3 36 13 3 5 70 1 4 2 68 1 4 5 153 13 6 4 89 1 8 5 315 8 1 , 111606.57549999969
3 25 2 2 2 134 6 6 2 211 6 3 4 211 2 2 5 252 14 8 6 210 17 2 5 242 16 6 , 132204.7114999996
5 267 14 7 5 219 14 1 1 236 16 1 6 281 16 2 2 177 9 5 3 248 17 4 3 43 8 8 , 225233.52350000036
4 237 13 2 6 185 14 1 1 277 20 7 2 257 16 1 6 31 8 4 4 106 5 3 3 107 9 4 , 262941.731
4 269 7 7 2 56 7 3 1 151 14 1 1 132 12 8 4 39 14 5 3 267 12 1 3 129 17 5 , 194573.7337499993
2 83 16 4 3 232 4 6 4 52 6 2 5 126 19 6 5 102 7 7 6 151 1 7 4 107 19 5 , 188499.4040000001
6 45 18 5 2 65 9 4 5 245 16 8 5 308 3 3 1 236 10 3 2 83 13 5 3 182 1 6 , 166844.81225000002
2 90 12 8 4 48 8 6 2 46 12 7 1 214 15 3 5 82 18 5 2 286 5 2 1 184 1 4 , 194929.61224999986
1 32 8 2 4 144 17 3 5 112 10 7 3 284 8 2 2 45 20 4 1 153 6 8 2 292 5 3 , 194013.7884999998
1 85 16 5 1 276 8 7 4 265 12 8 2 26 20 4 6 170 15 7 2 172 20 7 2 207 11 7 , 225681.74450000035
2 130 6 6 6 203 10 2 4 173 9 6 3 312 15 7 2 165 10 3 2 319 3 4 3 103 18 2 , 145898.03974999982
2 197 12 1 5 159 19 4 6 70 11 7 3 16 7 7 3 160 20 8 5 275 12 8 4 167 12 3 , 259309.38324999917
3 263 6 7 2 92 17 4 3 189 3 3 2 248 14 8 2 127 10 7 2 194 1 7 4 258 9 4 , 140249.74249999976
2 204 9 5 2 148 19 8 3 132 18 5 6 109 14 4 6 132 9 8 5 227 16 3 4 109 6 4 , 196985.08275000067
3 60 14 6 4 286 5 8 5 173 12 3 3 61 19 8 5 69 9 1 4 70 2 6 6 309 9 1 , 147868.9659999999
3 235 5 7 2 253 8 3 4 64 14 5 1 77 19 7 6 97 6 3 4 127 16 8 4 105 2 6 , 172492.23425000013
4 230 15 5 3 164 18 1 3 98 5 8 3 319 4 2 3 138 6 7 5 79 5 5 6 249 20 5 , 166322.76924999966
2 180 8 3 1 20 18 8 3 214 7 5 4 25 19 6 3 64 7 1 2 127 1 6 6 199 1 8 , 142680.19599999985
3 141 1 4 1 146 1 3 1 51 10 8 6 242 13 8 3 182 11 1 6 144 16 3 4 103 4 7 , 136948.55874999956
4 258 10 2 1 66 13 4 2 123 20 8 6 171 20 2 2 243 15 1 3 246 9 2 2 117 20 3 , 258990.01424999937
3 284 8 8 3 288 11 5 4 152 18 4 6 73 19 6 5 228 1 1 6 296 6 4 6 232 16 3 , 212182.26549999995
6 191 12 1 1 84 17 5 3 27 9 5 6 117 15 1 3 204 19 2 6 58 4 4 3 295 9 6 , 281587.7800000002
4 142 1 8 3 41 17 1 6 259 9 5 2 216 8 8 6 232 9 1 2 126 8 2 1 106 5 6 , 141988.6485000006
5 65 7 7 1 280 18 2 1 133 1 1 5 312 7 2 3 152 5 6 1 131 17 7 4 307 8 6 , 149179.7485000005
4 63 10 4 3 207 14 6 2 32 1 1 2 140 3 2 4 170 6 3 6 171 16 4 4 159 18 6 , 178351.3604999999
3 236 10 5 2 241 16 7 5 133 4 2 5 47 5 5 2 235 1 2 3 45 14 8 6 56 12 8 , 156559.4677499999
4 139 14 2 2 151 20 3 6 285 7 2 3 251 15 8 5 238 4 1 6 113 12 7 4 146 14 8 , 221793.60849999994
3 166 17 5 5 262 14 2 3 46 5 1 4 198 11 4 4 211 17 6 6 228 10 1 1 239 19 5 , 193678.43850000045
4 215 6 1 6 210 20 2 5 194 7 7 2 70 8 4 5 238 4 2 4 278 2 1 6 163 2 4 , 164507.56124999985
4 205 7 1 5 312 14 6 3 96 9 4 5 21 3 3 2 124 16 8 5 206 18 4 4 82 7 2 , 161622.9789999998
5 18 20 8 5 188 15 7 3 242 1 1 4 131 3 2 2 139 9 4 5 277 15 2 5 258 2 1 , 148123.3572499994
4 245 7 3 3 124 8 6 6 208 17 2 1 20 3 2 1 96 5 4 1 128 18 1 3 222 18 8 , 160703.96974999976
6 79 17 1 4 81 9 2 4 243 13 5 5 287 18 6 4 207 15 1 6 267 13 3 2 120 5 4 , 241101.66750000016
3 51 3 5 2 123 15 1 4 263 5 3 3 19 4 5 6 22 12 7 4 61 6 7 4 186 4 7 , 134544.2199999994
4 22 9 1 5 254 14 5 2 218 3 3 5 310 6 2 6 178 8 3 2 234 2 7 4 167 1 3 , 118267.29750000036
6 165 10 8 1 297 8 6 1 176 11 4 5 138 13 4 3 74 7 2 2 144 13 7 2 40 10 8 , 197751.73074999987
1 239 14 4 6 102 7 2 5 164 9 8 2 50 10 1 2 91 4 3 2 159 1 4 5 158 7 3 , 120946.25449999976
2 237 3 7 1 231 9 6 4 64 1 2 3 186 16 4 1 303 18 7 1 21 6 1 3 267 7 1 , 127425.81074999979
1 31 12 7 1 187 13 1 6 278 12 5 2 228 13 3 4 89 19 6 5 70 19 7 6 281 14 4 , 227743.84375000052
1 271 7 2 3 39 20 7 3 201 11 8 4 232 18 3 2 101 11 8 4 203 13 4 1 216 15 8 , 218660.5310000008
3 123 17 4 4 29 1 1 4 30 8 4 6 100 17 6 3 37 12 2 3 148 17 4 4 65 13 1 , 190165.90375000055
3 195 2 6 3 230 9 2 2 270 7 8 5 127 18 3 2 312 17 6 2 165 9 2 6 46 16 1 , 176833.45525000058
3 288 1 1 1 206 14 1 3 31 17 7 4 228 13 3 2 246 8 1 5 76 5 2 4 27 2 6 , 163130.63549999983
6 206 12 7 4 17 11 8 4 211 17 6 4 302 16 3 5 189 2 7 4 82 2 7 3 185 3 2 , 149513.88000000012
4 302 6 1 2 113 18 3 2 251 16 6 3 263 19 4 3 209 13 4 6 211 10 2 6 241 18 3 , 282953.89725000033
4 128 4 2 1 190 10 6 3 110 17 4 5 18 8 5 2 206 3 1 6 148 5 1 2 182 18 1 , 154359.02400000012
6 276 10 5 3 308 16 1 4 163 15 1 2 59 5 2 3 74 15 6 2 102 4 7 3 258 9 3 , 183341.68549999953
1 230 19 8 2 242 4 5 4 289 1 6 3 167 15 8 2 37 1 6 6 123 20 6 2 283 11 7 , 131481.7667499999
6 235 15 1 2 55 10 5 5 172 8 2 6 119 10 1 1 318 19 5 4 309 4 5 2 80 13 5 , 309563.3027500004
5 114 18 3 2 120 1 4 4 53 20 1 3 287 9 6 6 142 12 5 1 163 3 8 1 194 17 6 , 162221.72425000023
5 166 16 5 4 120 20 4 6 145 12 7 3 205 12 3 3 121 11 5 4 76 8 8 2 70 15 7 , 183435.20099999956
3 28 8 8 3 85 11 6 6 109 8 2 4 274 7 1 4 39 8 2 3 27 9 7 3 59 14 3 , 150932.65274999954
4 52 1 7 4 167 14 3 2 130 14 1 4 181 5 8 3 115 5 4 5 169 11 4 5 139 13 8 , 148854.44374999957
4 34 12 3 3 271 10 3 4 292 20 3 1 219 20 5 6 237 8 5 5 33 6 1 1 42 18 8 , 205289.34425000066
5 64 14 1 5 273 2 3 2 228 11 2 2 249 2 5 4 286 8 6 2 134 1 2 4 296 6 8 , 110105.8987499995
2 148 13 1 2 130 16 4 5 268 17 7 3 93 4 7 3 162 8 3 4 101 7 3 3 97 9 4 , 182629.3020000001
5 201 14 8 4 275 14 2 6 161 4 1 4 156 12 1 1 79 6 5 2 145 18 4 4 175 7 8 , 164265.25924999994
5 118 13 6 4 220 18 6 2 76 1 7 3 122 15 3 6 254 1 5 3 104 17 6 1 93 19 5 , 190076.54624999964
4 198 14 8 5 289 9 3 2 283 18 8 3 173 17 8 1 78 1 5 5 277 20 1 5 262 15 2 , 225240.24900000004
6 126 17 5 5 56 17 8 3 98 3 1 2 314 6 2 4 200 12 7 4 308 19 4 1 187 10 6 , 183480.75199999983
4 280 17 3 5 275 17 4 6 137 3 6 2 189 9 2 5 194 16 6 4 311 11 1 4 148 20 2 , 230507.59974999903
6 303 13 8 4 245 6 2 1 215 5 3 3 194 15 3 4 316 20 1 4 110 18 1 1 42 18 5 , 209037.9964999996
1 307 18 6 1 158 16 3 1 289 13 7 4 33 19 3 6 88 3 5 5 245 8 2 1 272 4 4 , 210652.0377500008
4 174 13 3 3 44 18 7 6 30 11 6 4 160 11 2 4 306 5 6 1 262 17 4 2 87 5 6 , 187409.55799999903
3 80 4 2 6 261 19 3 3 258 9 7 5 138 13 1 4 19 2 4 4 251 4 8 3 235 10 7 , 160607.3095000005
3 169 1 4 6 120 7 1 4 105 3 7 6 93 2 6 1 182 17 1 1 197 4 7 3 260 5 4 , 90484.2382500002
6 232 13 6 5 79 7 3 5 193 5 8 1 195 9 8 4 287 20 1 3 96 3 8 3 36 19 6 , 183726.96275000018
3 78 9 6 6 212 13 2 2 30 18 1 6 297 2 6 4 104 15 8 2 67 20 5 3 218 17 5 , 196333.56599999976
5 86 3 4 3 96 5 8 1 58 12 8 1 20 18 2 2 178 3 6 6 312 18 5 3 304 11 1 , 138739.33774999983
1 315 18 4 4 65 19 8 2 289 7 6 4 282 13 2 4 106 9 7 5 318 11 3 6 90 20 5 , 224864.08149999936
3 119 13 7 6 23 15 5 4 98 9 4 4 270 14 5 5 300 16 7 4 173 6 7 1 184 11 2 , 177658.68200000026
1 67 7 1 5 106 1 8 4 246 8 7 6 180 17 1 1 112 19 3 2 173 12 8 1 310 20 8 , 185631.40449999986
6 128 9 6 4 27 15 1 5 300 13 7 1 142 7 8 2 303 11 6 5 201 3 3 6 315 20 3 , 191398.84075000108
1 186 2 4 2 117 2 1 6 170 15 3 3 256 1 3 4 233 5 5 4 111 13 8 4 130 3 1 , 108977.95449999989
1 135 19 5 1 139 7 3 3 190 13 3 1 256 14 4 6 274 2 8 3 173 13 2 4 319 3 4 , 226114.7205000002
4 119 3 2 6 128 18 2 3 67 11 2 4 148 10 5 5 118 19 8 5 38 4 2 6 166 2 7 , 153390.75974999956
3 309 7 3 4 38 12 3 5 85 3 1 6 212 15 1 5 42 15 4 5 118 5 6 5 140 15 4 , 160671.68525000016
6 202 9 2 6 59 8 2 3 274 19 4 5 317 3 4 4 120 20 5 1 141 20 4 5 123 8 1 , 191077.88575000045
6 29 8 6 2 283 4 8 2 206 8 1 5 17 2 3 1 99 15 6 2 101 8 2 1 115 8 7 , 118503.60899999952
6 128 2 4 1 229 2 5 6 22 13 1 4 101 4 2 4 284 14 3 5 201 9 8 1 304 7 8 , 116762.97425000051
4 81 3 1 1 189 17 5 1 306 7 6 1 291 10 7 6 59 14 3 6 77 18 8 6 287 2 3 , 167824.32349999997
6 102 17 8 4 198 4 8 6 320 5 6 5 159 17 6 1 139 17 2 4 74 7 1 5 61 13 3 , 186330.59174999967
6 101 15 5 2 137 16 2 1 34 6 2 2 252 20 6 5 108 17 7 1 189 1 7 5 259 3 2 , 196789.9684999997
6 227 3 4 4 215 4 4 3 82 12 6 2 272 4 3 1 143 9 7 4 63 5 2 4 318 19 5 , 141379.09350000045
6 270 11 6 4 201 7 5 2 267 1 3 1 62 20 2 3 118 12 3 3 90 18 7 3 292 5 1 , 187606.69899999982
6 217 7 2 6 114 1 7 4 182 4 8 3 191 19 4 2 123 3 7 6 165 11 2 6 93 12 6 , 155587.09325000003
6 162 3 5 5 107 10 7 1 162 18 1 2 316 10 5 5 204 7 3 3 264 6 6 4 228 7 5 , 141569.97250000018
1 101 4 5 3 132 19 2 6 316 16 6 3 295 6 7 1 176 15 6 4 222 3 6 4 197 20 7 , 184911.34425000002
3 175 9 1 2 37 12 2 5 218 1 3 1 72 15 8 5 95 1 1 2 116 18 3 1 19 8 3 , 161118.1202500001
6 308 12 1 4 147 13 4 1 42 12 2 1 84 10 5 4 34 11 2 5 312 12 5 6 53 10 7 , 360482.24749999976
5 31 11 2 3 259 18 1 5 107 8 6 6 187 4 4 6 76 11 1 4 66 12 2 5 17 10 8 , 176783.1712499999
2 216 9 8 4 42 9 6 4 259 1 5 6 168 17 8 2 99 17 8 4 159 14 3 4 53 8 3 , 168005.7557499993
3 242 5 1 1 235 7 7 4 268 5 4 3 148 19 4 1 35 16 3 4 198 2 3 5 319 1 7 , 138995.12050000043
4 100 1 7 3 114 6 8 4 97 14 8 2 85 18 8 4 135 11 7 1 252 11 5 5 142 4 2 , 144883.5574999996
3 166 18 3 6 153 14 5 6 134 16 7 4 235 2 2 1 215 3 3 1 257 19 1 4 169 6 3 , 174313.80775000036
3 265 1 7 5 21 2 7 4 248 8 5 1 158 3 1 1 133 1 6 5 208 5 6 2 289 18 5 , 86503.53149999994
6 249 13 3 4 240 14 1 6 64 9 2 2 90 12 5 5 224 11 3 6 293 4 3 6 150 4 6 , 162540.75449999992
1 211 15 6 6 246 2 8 3 314 11 2 1 288 11 1 2 41 7 5 2 227 13 1 5 46 6 4 , 147548.8089999998
6 216 7 8 4 269 9 2 4 72 16 5 6 86 20 7 2 267 16 3 1 190 4 1 3 77 2 3 , 184479.75525000022
6 190 11 4 6 272 13 3 5 138 20 4 3 49 11 7 3 88 20 5 3 287 17 3 3 58 13 2 , 254300.20400000078
4 317 2 8 1 16 11 4 3 99 20 8 2 236 20 6 6 251 1 2 6 274 12 1 3 58 17 1 , 188720.92575000032
1 308 14 3 5 291 1 6 4 55 7 3 4 148 9 1 1 218 13 3 3 95 9 4 3 259 12 2 , 154991.0877499996
3 242 10 5 3 250 9 1 2 231 20 4 5 145 2 7 6 209 12 5 1 249 2 3 5 155 11 8 , 166323.14975000007
5 120 11 2 1 156 14 7 6 105 3 1 4 149 7 4 2 302 15 8 6 238 7 5 4 94 19 4 , 175746.2915000006
2 199 19 5 1 193 19 5 2 39 14 5 4 201 9 7 6 129 14 5 2 186 11 2 4 198 5 3 , 222013.2964999997
3 52 7 7 1 75 12 6 2 124 15 8 5 225 13 6 5 303 17 5 4 142 19 3 5 31 1 5 , 213227.4059999996
3 141 9 6 5 299 5 2 1 243 17 5 1 103 1 2 6 45 9 2 3 247 5 3 5 134 15 1 , 181189.41324999993
3 189 11 5 3 309 8 2 1 187 11 5 3 220 2 7 4 293 15 3 6 51 14 5 6 56 2 3 , 120608.04575000002
6 19 3 6 3 18 8 3 5 251 3 3 1 300 19 2 4 217 10 2 1 283 18 3 5 48 16 3 , 148393.88725000015
1 250 4 2 5 220 1 1 2 223 6 2 5 116 8 6 4 115 3 6 1 150 10 3 5 114 19 1 , 134008.4980000002
6 203 5 5 1 217 17 7 6 106 9 6 5 284 15 6 1 165 14 7 1 319 18 3 1 275 14 3 , 200981.60724999887
3 213 6 7 3 164 3 3 1 279 4 6 1 116 16 8 3 16 4 8 3 245 3 4 3 23 7 5 , 86635.658
3 91 1 8 5 70 3 6 3 188 17 3 2 320 6 7 2 35 11 3 1 124 16 3 1 57 4 6 , 116038.50349999944
4 267 7 1 1 183 14 3 5 287 11 2 2 236 17 5 4 192 4 3 4 246 10 7 5 188 5 1 , 190688.92075000002
5 244 15 4 4 60 5 1 5 183 18 3 2 308 1 3 2 171 14 6 3 290 7 6 1 174 18 2 , 189289.82150000014
2 50 10 2 3 216 20 6 4 296 13 1 1 313 10 6 3 86 8 4 2 187 4 6 5 281 17 6 , 202731.80549999973
4 151 7 3 4 155 11 5 6 318 9 7 1 72 3 7 2 247 16 3 1 251 11 8 4 289 14 5 , 149907.3617500004
1 30 16 4 1 82 6 6 6 288 10 4 1 288 8 6 1 38 15 3 2 292 16 1 3 129 9 3 , 185852.67500000042
3 60 19 5 3 36 6 3 2 289 19 2 3 182 4 6 3 63 13 5 5 129 12 4 2 118 12 1 , 222031.9510000002
3 45 17 8 4 201 5 4 4 146 6 8 4 149 18 4 6 29 12 4 5 214 9 2 4 221 18 3 , 187315.36950000032
6 55 10 2 1 191 16 1 4 68 20 4 1 109 5 5 4 76 13 2 5 203 16 2 3 52 9 1 , 221392.89274999965
4 81 17 2 6 36 1 1 1 150 2 4 1 16 9 4 3 115 1 2 1 36 9 5 6 201 15 7 , 119989.58099999954
1 138 20 3 6 180 9 3 6 44 3 7 3 275 17 5 5 222 8 6 1 181 3 8 2 39 20 3 , 201478.73225000035
2 221 18 6 1 185 4 4 6 112 14 4 2 289 5 3 2 310 14 5 6 156 6 7 4 22 5 5 , 161805.5937500005
6 192 12 2 4 187 14 8 2 50 12 2 2 76 20 3 3 73 17 5 5 139 12 7 6 101 6 6 , 235770.41125000053
5 90 19 8 4 90 14 4 3 89 4 3 5 103 1 4 3 183 3 4 6 249 10 8 6 117 18 8 , 203538.908
3 151 4 4 1 82 12 2 2 83 10 4 3 247 8 6 4 93 4 2 3 276 14 2 1 302 16 6 , 157969.8684999996
3 91 2 6 4 63 7 6 3 125 18 6 3 312 18 7 1 76 4 7 4 209 9 4 2 146 20 7 , 166522.17849999954
6 99 17 1 4 18 9 6 2 49 4 5 3 28 10 3 4 142 18 7 4 304 4 1 3 38 9 3 , 178035.52600000007
6 174 19 6 5 222 1 3 5 262 1 8 6 60 13 4 2 32 7 5 1 135 5 5 2 89 8 4 , 125772.52525000006
4 173 11 7 2 170 5 5 2 79 1 8 4 234 4 7 6 308 19 7 1 85 7 7 2 217 5 4 , 114256.49049999946
4 124 19 7 6 200 4 6 2 295 9 7 5 56 4 2 3 73 2 4 5 53 7 7 2 160 9 5 , 126823.05750000029
4 136 17 8 5 298 14 8 5 79 18 3 1 298 15 1 5 182 19 1 3 284 11 7 3 288 8 8 , 229425.67274999985
4 279 2 6 5 294 9 8 2 143 5 6 1 71 1 4 3 105 5 6 6 204 17 6 1 211 4 4 , 98911.68250000008
4 229 20 6 3 189 13 2 1 286 19 7 6 309 7 8 2 30 15 3 4 296 3 6 1 171 9 4 , 204974.88800000044
5 263 20 1 1 169 19 6 3 156 5 7 3 255 5 6 4 29 20 2 5 198 7 1 3 141 12 7 , 486130.2177499995
2 214 20 1 4 60 19 4 6 246 4 5 2 152 16 4 5 184 8 4 4 193 19 4 3 256 2 2 , 257970.57624999864
2 315 2 8 5 214 20 8 2 316 15 6 1 318 16 3 1 35 8 2 5 207 5 4 5 274 4 6 , 193561.7614999995
3 77 14 7 1 67 14 1 6 200 10 3 5 148 10 4 3 241 17 7 3 269 5 8 5 19 16 8 , 192479.41574999932
2 103 8 8 5 275 8 4 2 81 1 7 3 290 8 5 6 95 1 4 2 244 3 5 2 152 8 8 , 91834.7550000003
1 82 16 1 5 257 8 5 4 49 18 4 1 82 3 8 6 210 8 5 6 99 20 2 3 179 4 4 , 233626.73325000016
2 187 12 3 4 89 9 4 5 191 12 6 4 224 20 6 4 19 14 4 6 320 6 6 2 78 9 8 , 182821.33800000066
2 146 6 6 6 58 17 1 3 249 14 1 5 31 13 3 6 47 13 1 2 141 20 8 6 101 7 5 , 235248.65674999967
4 229 8 4 5 202 10 3 6 266 14 6 2 227 2 1 1 201 16 6 2 36 8 7 6 284 14 2 , 162205.3825000001
2 279 10 4 4 77 12 8 1 136 17 6 4 30 2 5 3 42 2 6 1 250 20 5 2 21 16 2 , 207166.4285000007
2 170 3 7 2 91 18 2 4 136 20 3 5 279 1 2 4 268 10 1 4 16 13 4 3 254 19 2 , 197239.5797499993
1 144 15 8 4 255 19 6 6 38 19 2 4 182 4 7 2 280 14 2 5 152 10 6 3 46 8 4 , 218851.95075000077
6 229 16 4 4 50 10 3 4 282 11 5 5 317 15 4 1 37 9 3 3 249 12 2 3 21 6 7 , 176153.62900000042
2 184 3 7 6 40 5 5 5 172 3 8 6 100 9 7 4 136 13 3 4 140 2 2 2 173 19 4 , 124508.50550000036
1 209 4 6 1 310 1 8 4 113 7 3 3 78 19 4 6 301 17 8 6 139 1 6 6 99 18 3 , 143705.69875000045
2 196 9 4 5 306 2 6 4 49 12 3 6 152 2 6 3 34 6 7 6 38 11 3 4 229 14 1 , 118968.78849999978
6 197 7 3 1 241 2 3 6 150 5 3 5 263 7 4 5 306 14 7 6 21 15 3 6 298 10 3 , 137252.7625000001
3 282 2 4 4 188 1 4 3 19 17 4 4 209 2 2 4 261 17 6 1 240 13 6 2 51 7 3 , 133415.5202500001
1 307 8 1 5 83 11 8 4 260 1 4 6 226 16 6 4 281 3 2 5 48 16 8 4 143 15 2 , 186134.3765000002
5 270 12 7 2 150 8 7 6 236 20 2 2 292 11 5 5 115 18 3 5 148 10 7 2 121 12 8 , 186463.90299999958
4 87 8 8 4 99 20 4 5 189 15 8 3 70 12 6 2 308 7 2 3 242 12 2 3 256 15 7 , 185198.7042500009
6 197 11 2 1 60 2 1 5 221 7 4 5 22 19 6 1 55 7 8 5 255 2 5 6 90 17 4 , 131902.21450000035
6 276 13 7 6 196 5 6 3 66 13 5 2 317 18 3 6 98 9 7 1 135 7 3 3 95 18 7 , 165916.19849999965
2 93 15 8 6 79 6 7 2 181 20 1 4 301 9 2 4 108 20 7 6 41 4 3 4 73 5 7 , 168091.20199999964
4 108 15 2 5 173 2 4 3 180 13 1 5 98 5 8 4 311 19 8 4 250 5 2 4 82 2 4 , 136884.72749999995
3 214 12 1 3 121 12 5 1 282 17 7 3 151 1 2 5 275 7 1 3 37 10 8 2 46 1 8 , 172314.87800000003
5 151 8 7 3 224 1 1 3 124 12 3 4 300 15 1 5 301 9 1 4 263 10 4 2 87 17 3 , 163549.36599999922
6 88 13 5 1 181 16 7 6 281 8 5 1 153 1 8 4 162 12 3 1 38 20 1 2 209 20 7 , 225297.0952500002
2 53 8 7 3 32 15 8 6 251 2 8 4 99 12 8 4 138 7 3 2 128 12 6 2 261 15 4 , 161991.21800000014
6 82 9 8 4 228 6 2 4 113 3 4 3 95 16 3 2 75 11 7 4 132 16 3 1 119 6 4 , 143764.7545000001
6 89 19 4 3 319 11 2 3 206 20 1 6 284 8 4 5 58 14 8 5 319 18 4 1 253 19 2 , 332233.9389999985
2 108 20 4 3 290 6 8 6 225 13 1 5 299 17 6 1 86 2 3 3 139 17 8 5 134 19 4 , 224404.35024999967
5 35 2 6 4 124 10 5 5 59 19 3 5 304 1 2 1 37 20 1 6 176 6 7 5 281 20 5 , 197050.23249999902
5 281 20 4 5 210 8 4 2 193 3 5 6 283 2 6 6 40 15 4 4 79 11 8 5 282 8 6 , 168510.72950000016
3 162 16 4 3 174 7 4 1 191 3 1 1 112 15 7 1 45 5 8 3 116 19 8 3 19 11 7 , 203501.40949999963
3 302 1 5 3 286 1 5 4 27 18 4 2 315 5 4 6 154 4 5 6 115 9 7 5 28 3 2 , 110071.12749999996
5 241 1 2 5 83 9 6 6 281 10 3 3 103 10 5 4 118 2 5 2 191 18 1 4 279 11 4 , 141627.64675000048
3 86 17 8 1 268 4 2 6 191 6 8 1 26 14 4 6 185 9 8 2 138 6 3 5 221 17 2 , 170951.08775000038
3 262 12 6 2 144 11 2 1 141 11 5 4 50 11 3 4 151 5 6 1 180 17 6 2 84 17 2 , 192553.17350000032
